Entry,Position,Type,Evidence,Species,Sequence,SeqWin,Source
O43169,39,Kme,PMID:24129315,human,MSGSMATAEASGSDGKGQEVETSVTYYRLEEVAKRNSLKELWLVIHGRVYDVTRFLNEHPGGEEVLLEQAGVDASESFEDVGHSSDAREMLKQYYIGDIHPSDLKPESGSKDPSKNDTCKSCWAYWILPIIGAVLLGFLYRYYTSESKSS,EASGSDGKGQEVETSVTYYRLEEVAKRNSLKELWLVIHGRVYDVTRFLNEHPGGEEVLLEQ,iPTMnet
O43524,149,Kme,PMID:22820736,human,MAEAPASPAPLSPLEVELDPEFEPQSRPRSCTWPLQRPELQASPAKPSGETAADSMIPEEEDDEDDEDGGGRAGSAMAIGGGGGSGTLGSGLLLEDSARVLAPGGQDPGSGPATAAGGLSGGTQALLQPQQPLPPPQPGAAGGSGQPRKCSSRRNAWGNLSYADLITRAIESSPDKRLTLSQIYEWMVRCVPYFKDKGDSNSSAGWKNSIRHNLSLHSRFMRVQNEGTGKSSWWIINPDGGKSGKAPRRRAVSMDNSNKYTKSRGRAAKKKAALQTAPESADDSPSQLSKWPGSPTSRSSDELDAWTDFRSRTNSNASTVSGRLSPIMASTELDEVQDDDAPLSPMLYSSSASLSPSVSKPCTVELPRLTDMAGTMNLNDGLTENLMDDLLDNITLPPSQPSPTGGLMQRSSSFPYTTKGSGLGSPTSSFNSTVFGPSSLNSLRQSPMQTIQENKPATFSSMSHYGNQTLQDLLTSDSLSHSDVMMTQSDPLMSQASTAVSAQNSRRNVMLRNDPMMSFAAQPNQGSLVNQNLLHHQHQTQGALGGSRALSNSVSNMGLSESSSLGSAKHQQQSPVSQSMQTLSDSLSGSSLYSTSANLPVMGHEKFPSDLDLDMFNGSLECDMESIIRSELMDADGLDFNFDSLISTQNVVGLNVGNFTGAKQASSQSWVPG,LSGGTQALLQPQQPLPPPQPGAAGGSGQPRKCSSRRNAWGNLSYADLITRAIESSPDKRLT,iPTMnet
O43524,230,Kme,PMID:22820736,human,MAEAPASPAPLSPLEVELDPEFEPQSRPRSCTWPLQRPELQASPAKPSGETAADSMIPEEEDDEDDEDGGGRAGSAMAIGGGGGSGTLGSGLLLEDSARVLAPGGQDPGSGPATAAGGLSGGTQALLQPQQPLPPPQPGAAGGSGQPRKCSSRRNAWGNLSYADLITRAIESSPDKRLTLSQIYEWMVRCVPYFKDKGDSNSSAGWKNSIRHNLSLHSRFMRVQNEGTGKSSWWIINPDGGKSGKAPRRRAVSMDNSNKYTKSRGRAAKKKAALQTAPESADDSPSQLSKWPGSPTSRSSDELDAWTDFRSRTNSNASTVSGRLSPIMASTELDEVQDDDAPLSPMLYSSSASLSPSVSKPCTVELPRLTDMAGTMNLNDGLTENLMDDLLDNITLPPSQPSPTGGLMQRSSSFPYTTKGSGLGSPTSSFNSTVFGPSSLNSLRQSPMQTIQENKPATFSSMSHYGNQTLQDLLTSDSLSHSDVMMTQSDPLMSQASTAVSAQNSRRNVMLRNDPMMSFAAQPNQGSLVNQNLLHHQHQTQGALGGSRALSNSVSNMGLSESSSLGSAKHQQQSPVSQSMQTLSDSLSGSSLYSTSANLPVMGHEKFPSDLDLDMFNGSLECDMESIIRSELMDADGLDFNFDSLISTQNVVGLNVGNFTGAKQASSQSWVPG,SNSSAGWKNSIRHNLSLHSRFMRVQNEGTGKSSWWIINPDGGKSGKAPRRRAVSMDNSNKY,iPTMnet
O43524,262,Kme,PMID:22820736,human,MAEAPASPAPLSPLEVELDPEFEPQSRPRSCTWPLQRPELQASPAKPSGETAADSMIPEEEDDEDDEDGGGRAGSAMAIGGGGGSGTLGSGLLLEDSARVLAPGGQDPGSGPATAAGGLSGGTQALLQPQQPLPPPQPGAAGGSGQPRKCSSRRNAWGNLSYADLITRAIESSPDKRLTLSQIYEWMVRCVPYFKDKGDSNSSAGWKNSIRHNLSLHSRFMRVQNEGTGKSSWWIINPDGGKSGKAPRRRAVSMDNSNKYTKSRGRAAKKKAALQTAPESADDSPSQLSKWPGSPTSRSSDELDAWTDFRSRTNSNASTVSGRLSPIMASTELDEVQDDDAPLSPMLYSSSASLSPSVSKPCTVELPRLTDMAGTMNLNDGLTENLMDDLLDNITLPPSQPSPTGGLMQRSSSFPYTTKGSGLGSPTSSFNSTVFGPSSLNSLRQSPMQTIQENKPATFSSMSHYGNQTLQDLLTSDSLSHSDVMMTQSDPLMSQASTAVSAQNSRRNVMLRNDPMMSFAAQPNQGSLVNQNLLHHQHQTQGALGGSRALSNSVSNMGLSESSSLGSAKHQQQSPVSQSMQTLSDSLSGSSLYSTSANLPVMGHEKFPSDLDLDMFNGSLECDMESIIRSELMDADGLDFNFDSLISTQNVVGLNVGNFTGAKQASSQSWVPG,SWWIINPDGGKSGKAPRRRAVSMDNSNKYTKSRGRAAKKKAALQTAPESADDSPSQLSKWP,iPTMnet
O43524,271,Kme,PMID:22820736,human,MAEAPASPAPLSPLEVELDPEFEPQSRPRSCTWPLQRPELQASPAKPSGETAADSMIPEEEDDEDDEDGGGRAGSAMAIGGGGGSGTLGSGLLLEDSARVLAPGGQDPGSGPATAAGGLSGGTQALLQPQQPLPPPQPGAAGGSGQPRKCSSRRNAWGNLSYADLITRAIESSPDKRLTLSQIYEWMVRCVPYFKDKGDSNSSAGWKNSIRHNLSLHSRFMRVQNEGTGKSSWWIINPDGGKSGKAPRRRAVSMDNSNKYTKSRGRAAKKKAALQTAPESADDSPSQLSKWPGSPTSRSSDELDAWTDFRSRTNSNASTVSGRLSPIMASTELDEVQDDDAPLSPMLYSSSASLSPSVSKPCTVELPRLTDMAGTMNLNDGLTENLMDDLLDNITLPPSQPSPTGGLMQRSSSFPYTTKGSGLGSPTSSFNSTVFGPSSLNSLRQSPMQTIQENKPATFSSMSHYGNQTLQDLLTSDSLSHSDVMMTQSDPLMSQASTAVSAQNSRRNVMLRNDPMMSFAAQPNQGSLVNQNLLHHQHQTQGALGGSRALSNSVSNMGLSESSSLGSAKHQQQSPVSQSMQTLSDSLSGSSLYSTSANLPVMGHEKFPSDLDLDMFNGSLECDMESIIRSELMDADGLDFNFDSLISTQNVVGLNVGNFTGAKQASSQSWVPG,GKSGKAPRRRAVSMDNSNKYTKSRGRAAKKKAALQTAPESADDSPSQLSKWPGSPTSRSSD,iPTMnet
O43524,290,Kme,PMID:22820736,human,MAEAPASPAPLSPLEVELDPEFEPQSRPRSCTWPLQRPELQASPAKPSGETAADSMIPEEEDDEDDEDGGGRAGSAMAIGGGGGSGTLGSGLLLEDSARVLAPGGQDPGSGPATAAGGLSGGTQALLQPQQPLPPPQPGAAGGSGQPRKCSSRRNAWGNLSYADLITRAIESSPDKRLTLSQIYEWMVRCVPYFKDKGDSNSSAGWKNSIRHNLSLHSRFMRVQNEGTGKSSWWIINPDGGKSGKAPRRRAVSMDNSNKYTKSRGRAAKKKAALQTAPESADDSPSQLSKWPGSPTSRSSDELDAWTDFRSRTNSNASTVSGRLSPIMASTELDEVQDDDAPLSPMLYSSSASLSPSVSKPCTVELPRLTDMAGTMNLNDGLTENLMDDLLDNITLPPSQPSPTGGLMQRSSSFPYTTKGSGLGSPTSSFNSTVFGPSSLNSLRQSPMQTIQENKPATFSSMSHYGNQTLQDLLTSDSLSHSDVMMTQSDPLMSQASTAVSAQNSRRNVMLRNDPMMSFAAQPNQGSLVNQNLLHHQHQTQGALGGSRALSNSVSNMGLSESSSLGSAKHQQQSPVSQSMQTLSDSLSGSSLYSTSANLPVMGHEKFPSDLDLDMFNGSLECDMESIIRSELMDADGLDFNFDSLISTQNVVGLNVGNFTGAKQASSQSWVPG,YTKSRGRAAKKKAALQTAPESADDSPSQLSKWPGSPTSRSSDELDAWTDFRSRTNSNASTV,iPTMnet
O43524,419,Kme,PMID:22820736,human,MAEAPASPAPLSPLEVELDPEFEPQSRPRSCTWPLQRPELQASPAKPSGETAADSMIPEEEDDEDDEDGGGRAGSAMAIGGGGGSGTLGSGLLLEDSARVLAPGGQDPGSGPATAAGGLSGGTQALLQPQQPLPPPQPGAAGGSGQPRKCSSRRNAWGNLSYADLITRAIESSPDKRLTLSQIYEWMVRCVPYFKDKGDSNSSAGWKNSIRHNLSLHSRFMRVQNEGTGKSSWWIINPDGGKSGKAPRRRAVSMDNSNKYTKSRGRAAKKKAALQTAPESADDSPSQLSKWPGSPTSRSSDELDAWTDFRSRTNSNASTVSGRLSPIMASTELDEVQDDDAPLSPMLYSSSASLSPSVSKPCTVELPRLTDMAGTMNLNDGLTENLMDDLLDNITLPPSQPSPTGGLMQRSSSFPYTTKGSGLGSPTSSFNSTVFGPSSLNSLRQSPMQTIQENKPATFSSMSHYGNQTLQDLLTSDSLSHSDVMMTQSDPLMSQASTAVSAQNSRRNVMLRNDPMMSFAAQPNQGSLVNQNLLHHQHQTQGALGGSRALSNSVSNMGLSESSSLGSAKHQQQSPVSQSMQTLSDSLSGSSLYSTSANLPVMGHEKFPSDLDLDMFNGSLECDMESIIRSELMDADGLDFNFDSLISTQNVVGLNVGNFTGAKQASSQSWVPG,DLLDNITLPPSQPSPTGGLMQRSSSFPYTTKGSGLGSPTSSFNSTVFGPSSLNSLRQSPMQ,iPTMnet
O43524,46,Kme,PMID:22820736,human,MAEAPASPAPLSPLEVELDPEFEPQSRPRSCTWPLQRPELQASPAKPSGETAADSMIPEEEDDEDDEDGGGRAGSAMAIGGGGGSGTLGSGLLLEDSARVLAPGGQDPGSGPATAAGGLSGGTQALLQPQQPLPPPQPGAAGGSGQPRKCSSRRNAWGNLSYADLITRAIESSPDKRLTLSQIYEWMVRCVPYFKDKGDSNSSAGWKNSIRHNLSLHSRFMRVQNEGTGKSSWWIINPDGGKSGKAPRRRAVSMDNSNKYTKSRGRAAKKKAALQTAPESADDSPSQLSKWPGSPTSRSSDELDAWTDFRSRTNSNASTVSGRLSPIMASTELDEVQDDDAPLSPMLYSSSASLSPSVSKPCTVELPRLTDMAGTMNLNDGLTENLMDDLLDNITLPPSQPSPTGGLMQRSSSFPYTTKGSGLGSPTSSFNSTVFGPSSLNSLRQSPMQTIQENKPATFSSMSHYGNQTLQDLLTSDSLSHSDVMMTQSDPLMSQASTAVSAQNSRRNVMLRNDPMMSFAAQPNQGSLVNQNLLHHQHQTQGALGGSRALSNSVSNMGLSESSSLGSAKHQQQSPVSQSMQTLSDSLSGSSLYSTSANLPVMGHEKFPSDLDLDMFNGSLECDMESIIRSELMDADGLDFNFDSLISTQNVVGLNVGNFTGAKQASSQSWVPG,VELDPEFEPQSRPRSCTWPLQRPELQASPAKPSGETAADSMIPEEEDDEDDEDGGGRAGSA,iPTMnet
O43929,7,Kme,PMID:24129315,human,MSSRKSKSNSLIHTECLSQVQRILRERFCRQSPHSNLFGVQVQYKHLSELLKRTALHGESNSVLIIGPRGSGKTMLINHALKELMEIEEVSENVLQVHLNGLLQINDKIALKEITRQLNLENVVGDKVFGSFAENLSFLLEALKKGDRTSSCPVIFILDEFDLFAHHKNQTLLYNLFDISQSAQTPIAVIGLTCRLDILELLEKRVKSRFSHRQIHLMNSFGFPQYVKIFKEQLSLPAEFPDKVFAEKWNENVQYLSEDRSVQEVLQKHFNISKNLRSLHMLLMLALNRVTASHPFMTAVDLMEASQLCSMDSKANIVHGLSVLEICLIIAMKHLNDIYEEEPFNFQMVYNEFQKFVQRKAHSVYNFEKPVVMKAFEHLQQLELIKPMERTSGNSQREYQLMKLLLDNTQIMNALQKYPNCPTDVRQWATSSLSWL,________________________MSSRKSKSNSLIHTECLSQVQRILRERFCRQSPHSNL,iPTMnet
O60814,109,Kme,PMID:16627869,human,MPEPAKSAPAPKKGSKKAVTKAQKKDGKKRKRSRKESYSVYVYKVLKQVHPDTGISSKAMGIMNSFVNDIFERIAGEASRLAHYNKRSTITSREIQTAVRLLLPGELAKHAVSEGTKAVTKYTSAK,SRLAHYNKRSTITSREIQTAVRLLLPGELAKHAVSEGTKAVTKYTSAK_____________,iPTMnet
O60814,47,Kme,PMID:16627869,human,MPEPAKSAPAPKKGSKKAVTKAQKKDGKKRKRSRKESYSVYVYKVLKQVHPDTGISSKAMGIMNSFVNDIFERIAGEASRLAHYNKRSTITSREIQTAVRLLLPGELAKHAVSEGTKAVTKYTSAK,KAVTKAQKKDGKKRKRSRKESYSVYVYKVLKQVHPDTGISSKAMGIMNSFVNDIFERIAGE,iPTMnet
O60814,58,Kme,PMID:16627869,human,MPEPAKSAPAPKKGSKKAVTKAQKKDGKKRKRSRKESYSVYVYKVLKQVHPDTGISSKAMGIMNSFVNDIFERIAGEASRLAHYNKRSTITSREIQTAVRLLLPGELAKHAVSEGTKAVTKYTSAK,KKRKRSRKESYSVYVYKVLKQVHPDTGISSKAMGIMNSFVNDIFERIAGEASRLAHYNKRS,iPTMnet
O60869,25,Kme,PMID:24129315,human,MAESDWDTVTVLRKKGPTAAQAKSKQAILAAQRRGEDVETSKKWAAGQNKQHSITKNTAKLDRETEELHHDRVTLEVGKVIQQGRQSKGLTQKDLATKINEKPQVIADYESGRAIPNNQVLGKIERAIGLKLRGKDIGKPIEKGPRAK,______MAESDWDTVTVLRKKGPTAAQAKSKQAILAAQRRGEDVETSKKWAAGQNKQHSIT,iPTMnet
O60870,135,Kme,PMID:24129315,human,MGKSDFLTPKAIANRIKSKGLQKLRWYCQMCQKQCRDENGFKCHCMSESHQRQLLLASENPQQFMDYFSEEFRNDFLELLRRRFGTKRVHNNIVYNEYISHREHIHMNATQWETLTDFTKWLGREGLCKVDETPKGWYIQYIDRDPETIRRQLELEKKKKQDLDDEEKTAKFIEEQVRRGLEGKEQEVPTFTELSRENDEEKVTFNLSKGACSSSGATSSKSSTLGPSALKTIGSSASVKRKESSQSSTQSKEKKKKKSALDEIMEIEEEKKRTARTDYWLQPEIIVKIITKKLGEKYHKKKAIVKEVIDKYTAVVKMIDSGDKLKLDQTHLETVIPAPGKRILVLNGGYRGNEGTLESINEKTFSATIVIETGPLKGRRVEGIQYEDISKLA,IHMNATQWETLTDFTKWLGREGLCKVDETPKGWYIQYIDRDPETIRRQLELEKKKKQDLDD,iPTMnet
O75367,123,Kme,PMID:16210244,human,MSSRGGKKKSTKTSRSAKAGVIFPVGRMLRYIKKGHPKYRIGVGAPVYMAAVLEYLTAEILELAGNAARDNKKGRVTPRHILLAVANDEELNQLLKGVTIASGGVLPNIHPELLAKKRGSKGKLEAIITPPPAKKAKSPSQKKPVSKKAGGKKGARKSKKKQGEVSKAASADSTTEGTPADGFTVLSTKSLFLGQKLNLIHSEISNLAGFEVEAIINPTNADIDLKDDLGNTLEKKGGKEFVEAVLELRKKNGPLEVAGAAVSAGHGLPAKFVIHCNSPVWGADKCEELLEKTVKNCLALADDKKLKSIAFPSIGSGRNGFPKQTAAQLILKAISSYFVSTMSSSIKTVYFVLFDSESIGIYVQEMAKLDAN,QLLKGVTIASGGVLPNIHPELLAKKRGSKGKLEAIITPPPAKKAKSPSQKKPVSKKAGGKK,iPTMnet
O75367,18,Kme,PMID:16210244,human,MSSRGGKKKSTKTSRSAKAGVIFPVGRMLRYIKKGHPKYRIGVGAPVYMAAVLEYLTAEILELAGNAARDNKKGRVTPRHILLAVANDEELNQLLKGVTIASGGVLPNIHPELLAKKRGSKGKLEAIITPPPAKKAKSPSQKKPVSKKAGGKKGARKSKKKQGEVSKAASADSTTEGTPADGFTVLSTKSLFLGQKLNLIHSEISNLAGFEVEAIINPTNADIDLKDDLGNTLEKKGGKEFVEAVLELRKKNGPLEVAGAAVSAGHGLPAKFVIHCNSPVWGADKCEELLEKTVKNCLALADDKKLKSIAFPSIGSGRNGFPKQTAAQLILKAISSYFVSTMSSSIKTVYFVLFDSESIGIYVQEMAKLDAN,_____________MSSRGGKKKSTKTSRSAKAGVIFPVGRMLRYIKKGHPKYRIGVGAPVY,iPTMnet
O75530,197,Kme,PMID:20974918,human,MSEREVSTAPAGTDMPAAKKQKLSSDENSNPDLSGDENDDAVSIESGTNTERPDTPTNTPNAPGRKSWGKGKWKSKKCKYSFKCVNSLKEDHNQPLFGVQFNWHSKEGDPLVFATVGSNRVTLYECHSQGEIRLLQSYVDADADENFYTCAWTYDSNTSHPLLAVAGSRGIIRIINPITMQCIKHYVGHGNAINELKFHPRDPNLLLSVSKDHALRLWNIQTDTLVAIFGGVEGHRDEVLSADYDLLGEKIMSCGMDHSLKLWRINSKRMMNAIKESYDYNPNKTNRPFISQKIHFPDFSTRDIHRNYVDCVRWLGDLILSKSCENAIVCWKPGKMEDDIDKIKPSESNVTILGRFDYSQCDIWYMRFSMDFWQKMLALGNQVGKLYVWDLEVEDPHKAKCTTLTHHKCGAAIRQTSFSRDSSILIAVCDDASIWRWDRLR,GSRGIIRIINPITMQCIKHYVGHGNAINELKFHPRDPNLLLSVSKDHALRLWNIQTDTLVA,iPTMnet
O75530,268,Kme,PMID:20974918,human,MSEREVSTAPAGTDMPAAKKQKLSSDENSNPDLSGDENDDAVSIESGTNTERPDTPTNTPNAPGRKSWGKGKWKSKKCKYSFKCVNSLKEDHNQPLFGVQFNWHSKEGDPLVFATVGSNRVTLYECHSQGEIRLLQSYVDADADENFYTCAWTYDSNTSHPLLAVAGSRGIIRIINPITMQCIKHYVGHGNAINELKFHPRDPNLLLSVSKDHALRLWNIQTDTLVAIFGGVEGHRDEVLSADYDLLGEKIMSCGMDHSLKLWRINSKRMMNAIKESYDYNPNKTNRPFISQKIHFPDFSTRDIHRNYVDCVRWLGDLILSKSCENAIVCWKPGKMEDDIDKIKPSESNVTILGRFDYSQCDIWYMRFSMDFWQKMLALGNQVGKLYVWDLEVEDPHKAKCTTLTHHKCGAAIRQTSFSRDSSILIAVCDDASIWRWDRLR,EVLSADYDLLGEKIMSCGMDHSLKLWRINSKRMMNAIKESYDYNPNKTNRPFISQKIHFPD,iPTMnet
O75530,284,Kme,PMID:20974918,human,MSEREVSTAPAGTDMPAAKKQKLSSDENSNPDLSGDENDDAVSIESGTNTERPDTPTNTPNAPGRKSWGKGKWKSKKCKYSFKCVNSLKEDHNQPLFGVQFNWHSKEGDPLVFATVGSNRVTLYECHSQGEIRLLQSYVDADADENFYTCAWTYDSNTSHPLLAVAGSRGIIRIINPITMQCIKHYVGHGNAINELKFHPRDPNLLLSVSKDHALRLWNIQTDTLVAIFGGVEGHRDEVLSADYDLLGEKIMSCGMDHSLKLWRINSKRMMNAIKESYDYNPNKTNRPFISQKIHFPDFSTRDIHRNYVDCVRWLGDLILSKSCENAIVCWKPGKMEDDIDKIKPSESNVTILGRFDYSQCDIWYMRFSMDFWQKMLALGNQVGKLYVWDLEVEDPHKAKCTTLTHHKCGAAIRQTSFSRDSSILIAVCDDASIWRWDRLR,CGMDHSLKLWRINSKRMMNAIKESYDYNPNKTNRPFISQKIHFPDFSTRDIHRNYVDCVRW,iPTMnet
O75530,66,Kme,PMID:20974918,human,MSEREVSTAPAGTDMPAAKKQKLSSDENSNPDLSGDENDDAVSIESGTNTERPDTPTNTPNAPGRKSWGKGKWKSKKCKYSFKCVNSLKEDHNQPLFGVQFNWHSKEGDPLVFATVGSNRVTLYECHSQGEIRLLQSYVDADADENFYTCAWTYDSNTSHPLLAVAGSRGIIRIINPITMQCIKHYVGHGNAINELKFHPRDPNLLLSVSKDHALRLWNIQTDTLVAIFGGVEGHRDEVLSADYDLLGEKIMSCGMDHSLKLWRINSKRMMNAIKESYDYNPNKTNRPFISQKIHFPDFSTRDIHRNYVDCVRWLGDLILSKSCENAIVCWKPGKMEDDIDKIKPSESNVTILGRFDYSQCDIWYMRFSMDFWQKMLALGNQVGKLYVWDLEVEDPHKAKCTTLTHHKCGAAIRQTSFSRDSSILIAVCDDASIWRWDRLR,DENDDAVSIESGTNTERPDTPTNTPNAPGRKSWGKGKWKSKKCKYSFKCVNSLKEDHNQPL,iPTMnet
O75815,334,Kme,PMID:24129315,human,MAAGKFASLPRNMPVNHQFPLASSMDLLSSRSPLAEHRPDAYQDVSIHGTLPRKKKGPPPIRSCDDFSHMGTLPHSKSPRQNSPVTQDGIQESPWQDRHGETFTFRDPHLLDPTVEYVKFSKERHIMDRTPEKLKKELEEELLLSSEDLRSHAWYHGRIPRQVSENLVQRDGDFLVRDSLSSPGNFVLTCQWKNLAQHFKINRTVLRLSEAYSRVQYQFEMESFDSIPGLVRCYVGNRRPISQQSGAIIFQPINRTVPLRCLEEHYGTSPGQAREGSLTKGRPDVAKRLSLTMGGVQAREQNLPRGNLLRNKEKSGSQPACLDHMQDRRALSLKAHQSESYLPIGCKLPPQSSGVDTSPCPNSPVFRTGSEPALSPAVVRRVSSDARAGEALRGSDSQLCPKPPPKPCKVPFLKVPSSPSAWLNSEANYCELNPAFATGCGRGAKLPSCAQGSHTELLTAKQNEAPGPRNSGVNYLILDDDDRERPWEPAAAQMEKGQWDKGEFVTPLLETVSSFRPNEFESKFLPPENKPLETAMLKRAKELFTNNDPKVIAQHVLSMDCRVARILGVSEEMRRNMGVSSGLELITLPHGHQLRLDIIERHNTMAIGIAVDILGCTGTLEDRAATLSKIIQVAVELKDSMGDLYSFSALMKALEMPQITRLEKTWTALRHQYTQTAILYEKQLKPFSKLLHEGRESTCVPPNNVSVPLLMPLVTLMERQAVTFEGTDMWEKNDQSCEIMLNHLATARFMAEAADSYRMNAERILAGFQPDEEMNEICKTEFQMRLLWGSKGAQVNQTERYEKFNQILTALSRKLEPPPVKQAEL,PRGNLLRNKEKSGSQPACLDHMQDRRALSLKAHQSESYLPIGCKLPPQSSGVDTSPCPNSP,iPTMnet
O95248,1223,Kme,PMID:24129315,human,MARLADYFVLVAFGPHPRGSGEGQGQILQRFPEKDWEDNPFPQGIELFCQPSGWQLCPERNPPTFFVAVLTDINSERHYCACLTFWEPAEPSQQETTRVEDATEREEEGDEGGQTHLSPTAPAPSAQLFAPKTLVLVSRLDHTEVFRNSLGLIYAIHVEGLNVCLENVIGNLLTCTVPLAGGSQRTISLGAGDRQVIQTPLADSLPVSRCSVALLFRQLGITNVLSLFCAALTEHKVLFLSRSYQRLADACRGLLALLFPLRYSFTYVPILPAQLLEVLSTPTPFIIGVNAAFQAETQELLDVIVADLDGGTVTIPECVHIPPLPEPLQSQTHSVLSMVLDPELELADLAFPPPTTSTSSLKMQDKELRAVFLRLFAQLLQGYRWCLHVVRIHPEPVIRFHKAAFLGQRGLVEDDFLMKVLEGMAFAGFVSERGVPYRPTDLFDELVAHEVARMRADENHPQRVLRHVQELAEQLYKNENPYPAVAMHKVQRPGESSHLRRVPRPFPRLDEGTVQWIVDQAAAKMQGAPPAVKAERRTTVPSGPPMTAILERCSGLHVNSARRLEVVRNCISYVFEGKMLEAKKLLPAVLRALKGRAARRCLAQELHLHVQQNRAVLDHQQFDFVVRMMNCCLQDCTSLDEHGIAAALLPLVTAFCRKLSPGVTQFAYSCVQEHVVWSTPQFWEAMFYGDVQTHIRALYLEPTEDLAPAQEVGEAPSQEDERSALDVASEQRRLWPTLSREKQQELVQKEESTVFSQAIHYANRMSYLLLPLDSSKSRLLRERAGLGDLESASNSLVTNSMAGSVAESYDTESGFEDAETCDVAGAVVRFINRFVDKVCTESGVTSDHLKGLHVMVPDIVQMHIETLEAVQRESRRLPPIQKPKLLRPRLLPGEECVLDGLRVYLLPDGREEGAGGSAGGPALLPAEGAVFLTTYRVIFTGMPTDPLVGEQVVVRSFPVAALTKEKRISVQTPVDQLLQDGLQLRSCTFQLLKMAFDEEVGSDSAELFRKQLHKLRYPPDIRATFAFTLGSAHTPGRPPRVTKDKGPSLRTLSRNLVKNAKKTIGRQHVTRKKYNPPSWEHRGQPPPEDQEDEISVSEELEPSTLTPSSALKPSDRMTMSSLVERACCRDYQRLGLGTLSSSLSRAKSEPFRISPVNRMYAICRSYPGLLIVPQSVQDNALQRVSRCYRQNRFPVVCWRSGRSKAVLLRSGGLHGKGVVGLFKAQNAPSPGQSQADSSSLEQEKYLQAVVSSMPRYADASGRNTLSGFSSAHMGSHGKWGSVRTSGRSSGLGTDVGSRLAGRDALAPPQANGGPPDPGFLRPQRAALYILGDKAQLKGVRSDPLQQWELVPIEVFEARQVKASFKKLLKACVPGCPAAEPSPASFLRSLEDSEWLIQIHKLLQVSVLVVELLDSGSSVLVGLEDGWDITTQVVSLVQLLSDPFYRTLEGFRLLVEKEWLSFGHRFSHRGAHTLAGQSSGFTPVFLQFLDCVHQVHLQFPMEFEFSQFYLKFLGYHHVSRRFRTFLLDSDYERIELGLLYEEKGERRGQVPCRSVWEYVDRLSKRTPVFHNYMYAPEDAEVLRPYSNVSNLKVWDFYTEETLAEGPPYDWELAQGPPEPPEEERSDGGAPQSRRRVVWPCYDSCPRAQPDAISRLLEELQRLETELGQPAERWKDTWDRVKAAQRLEGRPDGRGTPSSLLVSTAPHHRRSLGVYLQEGPVGSTLSLSLDSDQSSGSTTSGSRQAARRSTSTLYSQFQTAESENRSYEGTLYKKGAFMKPWKARWFVLDKTKHQLRYYDHRVDTECKGVIDLAEVEAVAPGTPTMGAPKTVDEKAFFDVKTTRRVYNFCAQDVPSAQQWVDRIQSCLSDA,FPVVCWRSGRSKAVLLRSGGLHGKGVVGLFKAQNAPSPGQSQADSSSLEQEKYLQAVVSSM,iPTMnet
O95785,1162,Kme,PMID:18438403,human,MEGSLAGSLAAPDRPQGPERLPGPAPRENIEGGAEAAEGEGGIFRSTRYLPVTKEGPRDILDGRGGISGTPDGRGPWEHPLVQEAGEGILSERRFEDSVIVRTMKPHAELEGSRRFLHHRGEPRLLEKHAQGRPRFDWLQDEDEQGSPQDAGLHLDLPAQPPPLAPFRRVFVPVEDTPKTLDMAVVGGREDLEDLEGLAQPSEWGLPTSASEVATQTWTVNSEASVERLQPLLPPIRTGPYLCELLEEVAEGVASPDEDEDEEPAVFPCIECSIYFKQKEHLLEHMSQHRRAPGQEPPADLAPLACGECGWAFADPTALEQHRQLHQASREKIIEEIQKLKQVPGDEGREARLQCPKCVFGTNSSRAYVQHAKLHMREPPGQTTKEPFGGSSGAGSPSPEASALLYQPYGAAVGLSACVFCGFPAPSESLLREHVRLVHAHPHWEEDGEAYEEDPASQPGTSQDAHACFPDTAVDYFGKAEPSLAPMWRENPAGYDPSLAFGPGCQQLSIRDFPLSKPLLHGTGQRPLGRLAFPSTLASTPYSLQLGRNKSTVHPQGLGERRRPWSEEEEEEEEEEDVVLTSEMDFSPENGVFSPLATPSLIPQAALELKQAFREALQAVEATQGQQQQLRGMVPIVLVAKLGPQVMAAARVPPRLQPEELGLAGAHPLDFLLLDAPLGGPLGLDTLLDGDPAMALKHEERKCPYCPDRFHNGIGLANHVRGHLNRVGVSYNVRHFISAEEVKAIERRFSFQKKKKKVANFDPGTFSLMRCDFCGAGFDTRAGLSSHARAHLRDFGITNWELTVSPINILQELLATSAAEQPPSPLGREPGGPPGSFLTSRRPRLPLTVPFPPTWAEDPGPAYGDAQSLTTCEVCGACFETRKGLSSHARSHLRQLGVAESESSGAPIDLLYELVKQKGLPDAHLGLPPGLAKKSSSLKEVVAGAPRPGLLSLAKPLDAPAVNKAIKSPPGFSAKGLGHPPSSPLLKKTPLALAGSPTPKNPEDKSPQLSLSPRPASPKAQWPQSEDEGPLNLTSGPEPARDIRCEFCGEFFENRKGLSSHARSHLRQMGVTEWYVNGSPIDTLREILKRRTQSRPGGPPNPPGPSPKALAKMMGGAGPGSSLEARSPSDLHISPLAKKLPPPPGSPLGHSPTASPPPTARKMFPGLAAPSLPKKLKPEQIRVEIKREMLPGALHGELHPSEGPWGAPREDMTPLNLSSRAEPVRDIRCEFCGEFFENRKGLSSHARSHLRQMGVTEWSVNGSPIDTLREILKKKSKPCLIKKEPPAGDLAPALAEDGPPTVAPGPVQSPLPLSPLAGRPGKPGAGPAQVPRELSLTPITGAKPSATGYLGSVAAKRPLQEDRLLPAEVKAKTYIQTELPFKAKTLHEKTSHSSTEACCELCGLYFENRKALASHARAHLRQFGVTEWCVNGSPIETLSEWIKHRPQKVGAYRSYIQGGRPFTKKFRSAGHGRDSDKRPSLGLAPGGLAVVGRSAGGEPGPEAGRAADGGERPLAASPPGTVKAEEHQRQNINKFERRQARPPDASAARGGEDTNDLQQKLEEVRQPPPRVRPVPSLVPRPPQTSLVKFVGNIYTLKCRFCEVEFQGPLSIQEEWVRHLQRHILEMNFSKADPPPEESQAPQAQTAAAEAP,HISPLAKKLPPPPGSPLGHSPTASPPPTARKMFPGLAAPSLPKKLKPEQIRVEIKREMLPG,iPTMnet
O96013,78,Kme,PMID:24129315,human,MFGKRKKRVEISAPSNFEHRVHTGFDQHEQKFTGLPRQWQSLIEESARRPKPLVDPACITSIQPGAPKTIVRGSKGAKDGALTLLLDEFENMSVTRSNSLRRDSPPPPARARQENGMPEEPATTARGGPGKAGSRGRFAGHSEAGGGSGDRRRAGPEKRPKSSREGSGGPQESSRDKRPLSGPDVGTPQPAGLASGAKLAAGRPFNTYPRADTDHPSRGAQGEPHDVAPNGPSAGGLAIPQSSSSSSRPPTRARGAPSPGVLGPHASEPQLAPPACTPAAPAVPGPPGPRSPQREPQRVSHEQFRAALQLVVDPGDPRSYLDNFIKIGEGSTGIVCIATVRSSGKLVAVKKMDLRKQQRRELLFNEVVIMRDYQHENVVEMYNSYLVGDELWVVMEFLEGGALTDIVTHTRMNEEQIAAVCLAVLQALSVLHAQGVIHRDIKSDSILLTHDGRVKLSDFGFCAQVSKEVPRRKSLVGTPYWMAPELISRLPYGPEVDIWSLGIMVIEMVDGEPPYFNEPPLKAMKMIRDNLPPRLKNLHKVSPSLKGFLDRLLVRDPAQRATAAELLKHPFLAKAGPPASIVPLMRQNRTR,RRPKPLVDPACITSIQPGAPKTIVRGSKGAKDGALTLLLDEFENMSVTRSNSLRRDSPPPP,iPTMnet
P02768,558,Kme,PMID:24129315,human,MKWVTFISLLFLFSSAYSRGVFRRDAHKSEVAHRFKDLGEENFKALVLIAFAQYLQQCPFEDHVKLVNEVTEFAKTCVADESAENCDKSLHTLFGDKLCTVATLRETYGEMADCCAKQEPERNECFLQHKDDNPNLPRLVRPEVDVMCTAFHDNEETFLKKYLYEIARRHPYFYAPELLFFAKRYKAAFTECCQAADKAACLLPKLDELRDEGKASSAKQRLKCASLQKFGERAFKAWAVARLSQRFPKAEFAEVSKLVTDLTKVHTECCHGDLLECADDRADLAKYICENQDSISSKLKECCEKPLLEKSHCIAEVENDEMPADLPSLAADFVESKDVCKNYAEAKDVFLGMFLYEYARRHPDYSVVLLLRLAKTYETTLEKCCAAADPHECYAKVFDEFKPLVEEPQNLIKQNCELFEQLGEYKFQNALLVRYTKKVPQVSTPTLVEVSRNLGKVGSKCCKHPEAKRMPCAEDYLSVVLNQLCVLHEKTPVSDRVTKCCTESLVNRRPCFSALEVDETYVPKEFNAETFTFHADICTLSEKERQIKKQTALVELVKHKPKATKEQLKAVMDDFAAFVEKCCKADDKETCFAEEGKKLVAASQAALGL,AETFTFHADICTLSEKERQIKKQTALVELVKHKPKATKEQLKAVMDDFAAFVEKCCKADDK,iPTMnet
P04406,194,Kme,PMID:18183946,human,MGKVKVGVNGFGRIGRLVTRAAFNSGKVDIVAINDPFIDLNYMVYMFQYDSTHGKFHGTVKAENGKLVINGNPITIFQERDPSKIKWGDAGAEYVVESTGVFTTMEKAGAHLQGGAKRVIISAPSADAPMFVMGVNHEKYDNSLKIISNASCTTNCLAPLAKVIHDNFGIVEGLMTTVHAITATQKTVDGPSGKLWRDGRGALQNIIPASTGAAKAVGKVIPELNGKLTGMAFRVPTANVSVVDLTCRLEKPAKYDDIKKVVKQASEGPLKGILGYTEHQVVSSDFNSDTHSSTFDAGAGIALNDHFVKLISWYDNEFGYSNRVVDLMAHMASKE,IHDNFGIVEGLMTTVHAITATQKTVDGPSGKLWRDGRGALQNIIPASTGAAKAVGKVIPEL,iPTMnet
P04406,215,Kme,PMID:18183946,human,MGKVKVGVNGFGRIGRLVTRAAFNSGKVDIVAINDPFIDLNYMVYMFQYDSTHGKFHGTVKAENGKLVINGNPITIFQERDPSKIKWGDAGAEYVVESTGVFTTMEKAGAHLQGGAKRVIISAPSADAPMFVMGVNHEKYDNSLKIISNASCTTNCLAPLAKVIHDNFGIVEGLMTTVHAITATQKTVDGPSGKLWRDGRGALQNIIPASTGAAKAVGKVIPELNGKLTGMAFRVPTANVSVVDLTCRLEKPAKYDDIKKVVKQASEGPLKGILGYTEHQVVSSDFNSDTHSSTFDAGAGIALNDHFVKLISWYDNEFGYSNRVVDLMAHMASKE,QKTVDGPSGKLWRDGRGALQNIIPASTGAAKAVGKVIPELNGKLTGMAFRVPTANVSVVDL,iPTMnet
P04406,227,Kme,PMID:18183946,human,MGKVKVGVNGFGRIGRLVTRAAFNSGKVDIVAINDPFIDLNYMVYMFQYDSTHGKFHGTVKAENGKLVINGNPITIFQERDPSKIKWGDAGAEYVVESTGVFTTMEKAGAHLQGGAKRVIISAPSADAPMFVMGVNHEKYDNSLKIISNASCTTNCLAPLAKVIHDNFGIVEGLMTTVHAITATQKTVDGPSGKLWRDGRGALQNIIPASTGAAKAVGKVIPELNGKLTGMAFRVPTANVSVVDLTCRLEKPAKYDDIKKVVKQASEGPLKGILGYTEHQVVSSDFNSDTHSSTFDAGAGIALNDHFVKLISWYDNEFGYSNRVVDLMAHMASKE,RDGRGALQNIIPASTGAAKAVGKVIPELNGKLTGMAFRVPTANVSVVDLTCRLEKPAKYDD,iPTMnet
P04406,260,Kme,PMID:18183946,human,MGKVKVGVNGFGRIGRLVTRAAFNSGKVDIVAINDPFIDLNYMVYMFQYDSTHGKFHGTVKAENGKLVINGNPITIFQERDPSKIKWGDAGAEYVVESTGVFTTMEKAGAHLQGGAKRVIISAPSADAPMFVMGVNHEKYDNSLKIISNASCTTNCLAPLAKVIHDNFGIVEGLMTTVHAITATQKTVDGPSGKLWRDGRGALQNIIPASTGAAKAVGKVIPELNGKLTGMAFRVPTANVSVVDLTCRLEKPAKYDDIKKVVKQASEGPLKGILGYTEHQVVSSDFNSDTHSSTFDAGAGIALNDHFVKLISWYDNEFGYSNRVVDLMAHMASKE,GMAFRVPTANVSVVDLTCRLEKPAKYDDIKKVVKQASEGPLKGILGYTEHQVVSSDFNSDT,iPTMnet
P04406,263,Kme,PMID:18183946,human,MGKVKVGVNGFGRIGRLVTRAAFNSGKVDIVAINDPFIDLNYMVYMFQYDSTHGKFHGTVKAENGKLVINGNPITIFQERDPSKIKWGDAGAEYVVESTGVFTTMEKAGAHLQGGAKRVIISAPSADAPMFVMGVNHEKYDNSLKIISNASCTTNCLAPLAKVIHDNFGIVEGLMTTVHAITATQKTVDGPSGKLWRDGRGALQNIIPASTGAAKAVGKVIPELNGKLTGMAFRVPTANVSVVDLTCRLEKPAKYDDIKKVVKQASEGPLKGILGYTEHQVVSSDFNSDTHSSTFDAGAGIALNDHFVKLISWYDNEFGYSNRVVDLMAHMASKE,FRVPTANVSVVDLTCRLEKPAKYDDIKKVVKQASEGPLKGILGYTEHQVVSSDFNSDTHSS,iPTMnet
P04406,334,Kme,PMID:18183946,human,MGKVKVGVNGFGRIGRLVTRAAFNSGKVDIVAINDPFIDLNYMVYMFQYDSTHGKFHGTVKAENGKLVINGNPITIFQERDPSKIKWGDAGAEYVVESTGVFTTMEKAGAHLQGGAKRVIISAPSADAPMFVMGVNHEKYDNSLKIISNASCTTNCLAPLAKVIHDNFGIVEGLMTTVHAITATQKTVDGPSGKLWRDGRGALQNIIPASTGAAKAVGKVIPELNGKLTGMAFRVPTANVSVVDLTCRLEKPAKYDDIKKVVKQASEGPLKGILGYTEHQVVSSDFNSDTHSSTFDAGAGIALNDHFVKLISWYDNEFGYSNRVVDLMAHMASKE,NDHFVKLISWYDNEFGYSNRVVDLMAHMASKE_____________________________,iPTMnet
P04406,5,Kme,PMID:18183946,human,MGKVKVGVNGFGRIGRLVTRAAFNSGKVDIVAINDPFIDLNYMVYMFQYDSTHGKFHGTVKAENGKLVINGNPITIFQERDPSKIKWGDAGAEYVVESTGVFTTMEKAGAHLQGGAKRVIISAPSADAPMFVMGVNHEKYDNSLKIISNASCTTNCLAPLAKVIHDNFGIVEGLMTTVHAITATQKTVDGPSGKLWRDGRGALQNIIPASTGAAKAVGKVIPELNGKLTGMAFRVPTANVSVVDLTCRLEKPAKYDDIKKVVKQASEGPLKGILGYTEHQVVSSDFNSDTHSSTFDAGAGIALNDHFVKLISWYDNEFGYSNRVVDLMAHMASKE,__________________________MGKVKVGVNGFGRIGRLVTRAAFNSGKVDIVAIND,iPTMnet
P04406,66,Kme,PMID:18183946,human,MGKVKVGVNGFGRIGRLVTRAAFNSGKVDIVAINDPFIDLNYMVYMFQYDSTHGKFHGTVKAENGKLVINGNPITIFQERDPSKIKWGDAGAEYVVESTGVFTTMEKAGAHLQGGAKRVIISAPSADAPMFVMGVNHEKYDNSLKIISNASCTTNCLAPLAKVIHDNFGIVEGLMTTVHAITATQKTVDGPSGKLWRDGRGALQNIIPASTGAAKAVGKVIPELNGKLTGMAFRVPTANVSVVDLTCRLEKPAKYDDIKKVVKQASEGPLKGILGYTEHQVVSSDFNSDTHSSTFDAGAGIALNDHFVKLISWYDNEFGYSNRVVDLMAHMASKE,PFIDLNYMVYMFQYDSTHGKFHGTVKAENGKLVINGNPITIFQERDPSKIKWGDAGAEYVV,iPTMnet
P04637,370,Kme,PMID:17108971,human,MEEPQSDPSVEPPLSQETFSDLWKLLPENNVLSPLPSQAMDDLMLSPDDIEQWFTEDPGPDEAPRMPEAAPPVAPAPAAPTPAAPAPAPSWPLSSSVPSQKTYQGSYGFRLGFLHSGTAKSVTCTYSPALNKMFCQLAKTCPVQLWVDSTPPPGTRVRAMAIYKQSQHMTEVVRRCPHHERCSDSDGLAPPQHLIRVEGNLRVEYLDDRNTFRHSVVVPYEPPEVGSDCTTIHYNYMCNSSCMGGMNRRPILTIITLEDSSGNLLGRNSFEVRVCACPGRDRRTEEENLRKKGEPHHELPPGSTKRALPNNTSSSPQPKKKPLDGEYFTLQIRGRERFEMFRELNEALELKDAQAGKEPGGSRAHSSHLKSKKGQSTSRHKKLMFKTEGPDSD,MFRELNEALELKDAQAGKEPGGSRAHSSHLKSKKGQSTSRHKKLMFKTEGPDSD_______,iPTMnet
P04637,370,Kme,PMID:22864287,human,MEEPQSDPSVEPPLSQETFSDLWKLLPENNVLSPLPSQAMDDLMLSPDDIEQWFTEDPGPDEAPRMPEAAPPVAPAPAAPTPAAPAPAPSWPLSSSVPSQKTYQGSYGFRLGFLHSGTAKSVTCTYSPALNKMFCQLAKTCPVQLWVDSTPPPGTRVRAMAIYKQSQHMTEVVRRCPHHERCSDSDGLAPPQHLIRVEGNLRVEYLDDRNTFRHSVVVPYEPPEVGSDCTTIHYNYMCNSSCMGGMNRRPILTIITLEDSSGNLLGRNSFEVRVCACPGRDRRTEEENLRKKGEPHHELPPGSTKRALPNNTSSSPQPKKKPLDGEYFTLQIRGRERFEMFRELNEALELKDAQAGKEPGGSRAHSSHLKSKKGQSTSRHKKLMFKTEGPDSD,MFRELNEALELKDAQAGKEPGGSRAHSSHLKSKKGQSTSRHKKLMFKTEGPDSD_______,iPTMnet
P04637,372,Kme,PMID:16415881,human,MEEPQSDPSVEPPLSQETFSDLWKLLPENNVLSPLPSQAMDDLMLSPDDIEQWFTEDPGPDEAPRMPEAAPPVAPAPAAPTPAAPAPAPSWPLSSSVPSQKTYQGSYGFRLGFLHSGTAKSVTCTYSPALNKMFCQLAKTCPVQLWVDSTPPPGTRVRAMAIYKQSQHMTEVVRRCPHHERCSDSDGLAPPQHLIRVEGNLRVEYLDDRNTFRHSVVVPYEPPEVGSDCTTIHYNYMCNSSCMGGMNRRPILTIITLEDSSGNLLGRNSFEVRVCACPGRDRRTEEENLRKKGEPHHELPPGSTKRALPNNTSSSPQPKKKPLDGEYFTLQIRGRERFEMFRELNEALELKDAQAGKEPGGSRAHSSHLKSKKGQSTSRHKKLMFKTEGPDSD,RELNEALELKDAQAGKEPGGSRAHSSHLKSKKGQSTSRHKKLMFKTEGPDSD_________,iPTMnet
P04637,372,Kme,PMID:15525938,human,MEEPQSDPSVEPPLSQETFSDLWKLLPENNVLSPLPSQAMDDLMLSPDDIEQWFTEDPGPDEAPRMPEAAPPVAPAPAAPTPAAPAPAPSWPLSSSVPSQKTYQGSYGFRLGFLHSGTAKSVTCTYSPALNKMFCQLAKTCPVQLWVDSTPPPGTRVRAMAIYKQSQHMTEVVRRCPHHERCSDSDGLAPPQHLIRVEGNLRVEYLDDRNTFRHSVVVPYEPPEVGSDCTTIHYNYMCNSSCMGGMNRRPILTIITLEDSSGNLLGRNSFEVRVCACPGRDRRTEEENLRKKGEPHHELPPGSTKRALPNNTSSSPQPKKKPLDGEYFTLQIRGRERFEMFRELNEALELKDAQAGKEPGGSRAHSSHLKSKKGQSTSRHKKLMFKTEGPDSD,RELNEALELKDAQAGKEPGGSRAHSSHLKSKKGQSTSRHKKLMFKTEGPDSD_________,iPTMnet
P04637,373,Kme,PMID:20118233,human,MEEPQSDPSVEPPLSQETFSDLWKLLPENNVLSPLPSQAMDDLMLSPDDIEQWFTEDPGPDEAPRMPEAAPPVAPAPAAPTPAAPAPAPSWPLSSSVPSQKTYQGSYGFRLGFLHSGTAKSVTCTYSPALNKMFCQLAKTCPVQLWVDSTPPPGTRVRAMAIYKQSQHMTEVVRRCPHHERCSDSDGLAPPQHLIRVEGNLRVEYLDDRNTFRHSVVVPYEPPEVGSDCTTIHYNYMCNSSCMGGMNRRPILTIITLEDSSGNLLGRNSFEVRVCACPGRDRRTEEENLRKKGEPHHELPPGSTKRALPNNTSSSPQPKKKPLDGEYFTLQIRGRERFEMFRELNEALELKDAQAGKEPGGSRAHSSHLKSKKGQSTSRHKKLMFKTEGPDSD,ELNEALELKDAQAGKEPGGSRAHSSHLKSKKGQSTSRHKKLMFKTEGPDSD__________,iPTMnet
P04637,382,Kme,PMID:17707234,human,MEEPQSDPSVEPPLSQETFSDLWKLLPENNVLSPLPSQAMDDLMLSPDDIEQWFTEDPGPDEAPRMPEAAPPVAPAPAAPTPAAPAPAPSWPLSSSVPSQKTYQGSYGFRLGFLHSGTAKSVTCTYSPALNKMFCQLAKTCPVQLWVDSTPPPGTRVRAMAIYKQSQHMTEVVRRCPHHERCSDSDGLAPPQHLIRVEGNLRVEYLDDRNTFRHSVVVPYEPPEVGSDCTTIHYNYMCNSSCMGGMNRRPILTIITLEDSSGNLLGRNSFEVRVCACPGRDRRTEEENLRKKGEPHHELPPGSTKRALPNNTSSSPQPKKKPLDGEYFTLQIRGRERFEMFRELNEALELKDAQAGKEPGGSRAHSSHLKSKKGQSTSRHKKLMFKTEGPDSD,DAQAGKEPGGSRAHSSHLKSKKGQSTSRHKKLMFKTEGPDSD___________________,iPTMnet
P04637,382,Kme,PMID:20870725,human,MEEPQSDPSVEPPLSQETFSDLWKLLPENNVLSPLPSQAMDDLMLSPDDIEQWFTEDPGPDEAPRMPEAAPPVAPAPAAPTPAAPAPAPSWPLSSSVPSQKTYQGSYGFRLGFLHSGTAKSVTCTYSPALNKMFCQLAKTCPVQLWVDSTPPPGTRVRAMAIYKQSQHMTEVVRRCPHHERCSDSDGLAPPQHLIRVEGNLRVEYLDDRNTFRHSVVVPYEPPEVGSDCTTIHYNYMCNSSCMGGMNRRPILTIITLEDSSGNLLGRNSFEVRVCACPGRDRRTEEENLRKKGEPHHELPPGSTKRALPNNTSSSPQPKKKPLDGEYFTLQIRGRERFEMFRELNEALELKDAQAGKEPGGSRAHSSHLKSKKGQSTSRHKKLMFKTEGPDSD,DAQAGKEPGGSRAHSSHLKSKKGQSTSRHKKLMFKTEGPDSD___________________,iPTMnet
P04637,382,Kme,PMID:22864287,human,MEEPQSDPSVEPPLSQETFSDLWKLLPENNVLSPLPSQAMDDLMLSPDDIEQWFTEDPGPDEAPRMPEAAPPVAPAPAAPTPAAPAPAPSWPLSSSVPSQKTYQGSYGFRLGFLHSGTAKSVTCTYSPALNKMFCQLAKTCPVQLWVDSTPPPGTRVRAMAIYKQSQHMTEVVRRCPHHERCSDSDGLAPPQHLIRVEGNLRVEYLDDRNTFRHSVVVPYEPPEVGSDCTTIHYNYMCNSSCMGGMNRRPILTIITLEDSSGNLLGRNSFEVRVCACPGRDRRTEEENLRKKGEPHHELPPGSTKRALPNNTSSSPQPKKKPLDGEYFTLQIRGRERFEMFRELNEALELKDAQAGKEPGGSRAHSSHLKSKKGQSTSRHKKLMFKTEGPDSD,DAQAGKEPGGSRAHSSHLKSKKGQSTSRHKKLMFKTEGPDSD___________________,iPTMnet
P04920,274,Kme,PMID:24129315,human,MSSAPRRPAKGADSFCTPEPESLGPGTPGFPEQEEDELHRTLGVERFEEILQEAGSRGGEEPGRSYGEEDFEYHRQSSHHIHHPLSTHLPPDARRRKTPQGPGRKPRRRPGASPTGETPTIEEGEEDEDEASEAEGARALTQPSPVSTPSSVQFFLQEDDSADRKAERTSPSSPAPLPHQEATPRASKGAQAGTQVEEAEAEAVAVASGTAGGDDGGASGRPLPKAQPGHRSYNLQERRRIGSMTGAEQALLPRVPTDEIEAQTLATADLDLMKSHRFEDVPGVRRHLVRKNAKGSTQSGREGREPGPTPRARPRAPHKPHEVFVELNELLLDKNQEPQWRETARWIKFEEDVEEETERWGKPHVASLSFRSLLELRRTLAHGAVLLDLDQQTLPGVAHQVVEQMVISDQIKAEDRANVLRALLLKHSHPSDEKDFSFPRNISAGSLGSLLGHHHGQGAESDPHVTEPLMGGVPETRLEVERERELPPPAPPAGITRSKSKHELKLLEKIPENAEATVVLVGCVEFLSRPTMAFVRLREAVELDAVLEVPVPVRFLFLLLGPSSANMDYHEIGRSISTLMSDKQFHEAAYLADEREDLLTAINAFLDCSVVLPPSEVQGEELLRSVAHFQRQMLKKREEQGRLLPTGAGLEPKSAQDKALLQMVEAAGAAEDDPLRRTGRPFGGLIRDVRRRYPHYLSDFRDALDPQCLAAVIFIYFAALSPAITFGGLLGEKTQDLIGVSELIMSTALQGVVFCLLGAQPLLVIGFSGPLLVFEEAFFSFCSSNHLEYLVGRVWIGFWLVFLALLMVALEGSFLVRFVSRFTQEIFAFLISLIFIYETFYKLVKIFQEHPLHGCSASNSSEVDGGENMTWAGARPTLGPGNRSLAGQSGQGKPRGQPNTALLSLVLMAGTFFIAFFLRKFKNSRFFPGRIRRVIGDFGVPIAILIMVLVDYSIEDTYTQKLSVPSGFSVTAPEKRGWVINPLGEKSPFPVWMMVASLLPAILVFILIFMETQITTLIISKKERMLQKGSGFHLDLLLIVAMGGICALFGLPWLAAATVRSVTHANALTVMSKAVAPGDKPKIQEVKEQRVTGLLVALLVGLSIVIGDLLRQIPLAVLFGIFLYMGVTSLNGIQFYERLHLLLMPPKHHPDVTYVKKVRTLRMHLFTALQLLCLALLWAVMSTAASLAFPFILILTVPLRMVVLTRIFTDREMKCLDANEAEPVFDEREGVDEYNEMPMPV,MTGAEQALLPRVPTDEIEAQTLATADLDLMKSHRFEDVPGVRRHLVRKNAKGSTQSGREGR,iPTMnet
P05141,147,Kme,PMID:24129315,human,MTDAAVSFAKDFLAGGVAAAISKTAVAPIERVKLLLQVQHASKQITADKQYKGIIDCVVRIPKEQGVLSFWRGNLANVIRYFPTQALNFAFKDKYKQIFLGGVDKRTQFWLYFAGNLASGGAAGATSLCFVYPLDFARTRLAADVGKAGAEREFRGLGDCLVKIYKSDGIKGLYQGFNVSVQGIIIYRAAYFGIYDTAKGMLPDPKNTHIVISWMIAQTVTAVAGLTSYPFDTVRRRMMMQSGRKGTDIMYTGTLDCWRKIARDEGGKAFFKGAWSNVLRGMGGAFVLVLYDEIKKYT,LASGGAAGATSLCFVYPLDFARTRLAADVGKAGAEREFRGLGDCLVKIYKSDGIKGLYQGF,iPTMnet
P06400,810,Kme,PMID:22787429,human,MPPKTPRKTAATAAAAAAEPPAPPPPPPPEEDPEQDSGPEDLPLVRLEFEETEEPDFTALCQKLKIPDHVRERAWLTWEKVSSVDGVLGGYIQKKKELWGICIFIAAVDLDEMSFTFTELQKNIEISVHKFFNLLKEIDTSTKVDNAMSRLLKKYDVLFALFSKLERTCELIYLTQPSSSISTEINSALVLKVSWITFLLAKGEVLQMEDDLVISFQLMLCVLDYFIKLSPPMLLKEPYKTAVIPINGSPRTPRRGQNRSARIAKQLENDTRIIEVLCKEHECNIDEVKNVYFKNFIPFMNSLGLVTSNGLPEVENLSKRYEEIYLKNKDLDARLFLDHDKTLQTDSIDSFETQRTPRKSNLDEEVNVIPPHTPVRTVMNTIQQLMMILNSASDQPSENLISYFNNCTVNPKESILKRVKDIGYIFKEKFAKAVGQGCVEIGSQRYKLGVRLYYRVMESMLKSEEERLSIQNFSKLLNDNIFHMSLLACALEVVMATYSRSTSQNLDSGTDLSFPWILNVLNLKAFDFYKVIESFIKAEGNLTREMIKHLERCEHRIMESLAWLSDSPLFDLIKQSKDREGPTDHLESACPLNLPLQNNHTAADMYLSPVRSPKKKGSTTRVNSTANAETQATSAFQTQKPLKSTSLSLFYKKVYRLAYLRLNTLCERLLSEHPELEHIIWTLFQHTLQNEYELMRDRHLDQIMMCSMYGICKVKNIDLKFKIIVTAYKDLPHAVQETFKRVLIKEEEYDSIIVFYNSVFMQRLKTNILQYASTRPPTLSPIPHIPRSPYKFPSSPLRIPGGNIYISPLKSPYKISEGLPTPTKMTPRSRILVSIGESFGTSEKFQKINQMVCNSDRVLKRSAEGSNPPKPLKKLRFDIEGSDEADGSKHLPGESKFQQKLAEMTSTRTRMQKQKMNDSMDTSNKEEK,SPIPHIPRSPYKFPSSPLRIPGGNIYISPLKSPYKISEGLPTPTKMTPRSRILVSIGESFG,iPTMnet
P06400,860,Kme,PMID:20870719,human,MPPKTPRKTAATAAAAAAEPPAPPPPPPPEEDPEQDSGPEDLPLVRLEFEETEEPDFTALCQKLKIPDHVRERAWLTWEKVSSVDGVLGGYIQKKKELWGICIFIAAVDLDEMSFTFTELQKNIEISVHKFFNLLKEIDTSTKVDNAMSRLLKKYDVLFALFSKLERTCELIYLTQPSSSISTEINSALVLKVSWITFLLAKGEVLQMEDDLVISFQLMLCVLDYFIKLSPPMLLKEPYKTAVIPINGSPRTPRRGQNRSARIAKQLENDTRIIEVLCKEHECNIDEVKNVYFKNFIPFMNSLGLVTSNGLPEVENLSKRYEEIYLKNKDLDARLFLDHDKTLQTDSIDSFETQRTPRKSNLDEEVNVIPPHTPVRTVMNTIQQLMMILNSASDQPSENLISYFNNCTVNPKESILKRVKDIGYIFKEKFAKAVGQGCVEIGSQRYKLGVRLYYRVMESMLKSEEERLSIQNFSKLLNDNIFHMSLLACALEVVMATYSRSTSQNLDSGTDLSFPWILNVLNLKAFDFYKVIESFIKAEGNLTREMIKHLERCEHRIMESLAWLSDSPLFDLIKQSKDREGPTDHLESACPLNLPLQNNHTAADMYLSPVRSPKKKGSTTRVNSTANAETQATSAFQTQKPLKSTSLSLFYKKVYRLAYLRLNTLCERLLSEHPELEHIIWTLFQHTLQNEYELMRDRHLDQIMMCSMYGICKVKNIDLKFKIIVTAYKDLPHAVQETFKRVLIKEEEYDSIIVFYNSVFMQRLKTNILQYASTRPPTLSPIPHIPRSPYKFPSSPLRIPGGNIYISPLKSPYKISEGLPTPTKMTPRSRILVSIGESFGTSEKFQKINQMVCNSDRVLKRSAEGSNPPKPLKKLRFDIEGSDEADGSKHLPGESKFQQKLAEMTSTRTRMQKQKMNDSMDTSNKEEK,RILVSIGESFGTSEKFQKINQMVCNSDRVLKRSAEGSNPPKPLKKLRFDIEGSDEADGSKH,iPTMnet
P06899,109,Kme,PMID:16627869,human,MPEPAKSAPAPKKGSKKAVTKAQKKDGKKRKRSRKESYSIYVYKVLKQVHPDTGISSKAMGIMNSFVNDIFERIAGEASRLAHYNKRSTITSREIQTAVRLLLPGELAKHAVSEGTKAVTKYTSAK,SRLAHYNKRSTITSREIQTAVRLLLPGELAKHAVSEGTKAVTKYTSAK_____________,iPTMnet
P06899,47,Kme,PMID:16627869,human,MPEPAKSAPAPKKGSKKAVTKAQKKDGKKRKRSRKESYSIYVYKVLKQVHPDTGISSKAMGIMNSFVNDIFERIAGEASRLAHYNKRSTITSREIQTAVRLLLPGELAKHAVSEGTKAVTKYTSAK,KAVTKAQKKDGKKRKRSRKESYSIYVYKVLKQVHPDTGISSKAMGIMNSFVNDIFERIAGE,iPTMnet
P06899,58,Kme,PMID:16627869,human,MPEPAKSAPAPKKGSKKAVTKAQKKDGKKRKRSRKESYSIYVYKVLKQVHPDTGISSKAMGIMNSFVNDIFERIAGEASRLAHYNKRSTITSREIQTAVRLLLPGELAKHAVSEGTKAVTKYTSAK,KKRKRSRKESYSIYVYKVLKQVHPDTGISSKAMGIMNSFVNDIFERIAGEASRLAHYNKRS,iPTMnet
P08238,531,Kme,PMID:24880080,human,MPEEVHHGEEEVETFAFQAEIAQLMSLIINTFYSNKEIFLRELISNASDALDKIRYESLTDPSKLDSGKELKIDIIPNPQERTLTLVDTGIGMTKADLINNLGTIAKSGTKAFMEALQAGADISMIGQFGVGFYSAYLVAEKVVVITKHNDDEQYAWESSAGGSFTVRADHGEPIGRGTKVILHLKEDQTEYLEERRVKEVVKKHSQFIGYPITLYLEKEREKEISDDEAEEEKGEKEEEDKDDEEKPKIEDVGSDEEDDSGKDKKKKTKKIKEKYIDQEELNKTKPIWTRNPDDITQEEYGEFYKSLTNDWEDHLAVKHFSVEGQLEFRALLFIPRRAPFDLFENKKKKNNIKLYVRRVFIMDSCDELIPEYLNFIRGVVDSEDLPLNISREMLQQSKILKVIRKNIVKKCLELFSELAEDKENYKKFYEAFSKNLKLGIHEDSTNRRRLSELLRYHTSQSGDEMTSLSEYVSRMKETQKSIYYITGESKEQVANSAFVERVRKRGFEVVYMTEPIDEYCVQQLKEFDGKSLVSVTKEGLELPEDEEEKKKMEESKAKFENLCKLMKEILDKKVEKVTISNRLVSSPCCIVTSTYGWTANMERIMKAQALRDNSTMGYMMAKKHLEINPDHPIVETLRQKAEADKNDKAVKDLVVLLFETALLSSGFSLEDPQTHSNRIYRMIKLGLGIDEDEVAAEEPNAAVPDEIPPLEGDEDASRMEEVD,ERVRKRGFEVVYMTEPIDEYCVQQLKEFDGKSLVSVTKEGLELPEDEEEKKKMEESKAKFE,iPTMnet
P08238,574,Kme,PMID:24880080,human,MPEEVHHGEEEVETFAFQAEIAQLMSLIINTFYSNKEIFLRELISNASDALDKIRYESLTDPSKLDSGKELKIDIIPNPQERTLTLVDTGIGMTKADLINNLGTIAKSGTKAFMEALQAGADISMIGQFGVGFYSAYLVAEKVVVITKHNDDEQYAWESSAGGSFTVRADHGEPIGRGTKVILHLKEDQTEYLEERRVKEVVKKHSQFIGYPITLYLEKEREKEISDDEAEEEKGEKEEEDKDDEEKPKIEDVGSDEEDDSGKDKKKKTKKIKEKYIDQEELNKTKPIWTRNPDDITQEEYGEFYKSLTNDWEDHLAVKHFSVEGQLEFRALLFIPRRAPFDLFENKKKKNNIKLYVRRVFIMDSCDELIPEYLNFIRGVVDSEDLPLNISREMLQQSKILKVIRKNIVKKCLELFSELAEDKENYKKFYEAFSKNLKLGIHEDSTNRRRLSELLRYHTSQSGDEMTSLSEYVSRMKETQKSIYYITGESKEQVANSAFVERVRKRGFEVVYMTEPIDEYCVQQLKEFDGKSLVSVTKEGLELPEDEEEKKKMEESKAKFENLCKLMKEILDKKVEKVTISNRLVSSPCCIVTSTYGWTANMERIMKAQALRDNSTMGYMMAKKHLEINPDHPIVETLRQKAEADKNDKAVKDLVVLLFETALLSSGFSLEDPQTHSNRIYRMIKLGLGIDEDEVAAEEPNAAVPDEIPPLEGDEDASRMEEVD,PEDEEEKKKMEESKAKFENLCKLMKEILDKKVEKVTISNRLVSSPCCIVTSTYGWTANMER,iPTMnet
P0C0S5,5,Kme,PMID:23324626,human,MAGGKAGKDSGKAKTKAVSRSQRAGLQFPVGRIHRHLKSRTTSHGRVGATAAVYSAAILEYLTAEVLELAGNASKDLKVKRITPRHLQLAIRGDEELDSLIKATIAGGGVIPHIHKSLIGKKGQQKTV,__________________________MAGGKAGKDSGKAKTKAVSRSQRAGLQFPVGRIHR,iPTMnet
P0C0S5,8,Kme,PMID:23324626,human,MAGGKAGKDSGKAKTKAVSRSQRAGLQFPVGRIHRHLKSRTTSHGRVGATAAVYSAAILEYLTAEVLELAGNASKDLKVKRITPRHLQLAIRGDEELDSLIKATIAGGGVIPHIHKSLIGKKGQQKTV,_______________________MAGGKAGKDSGKAKTKAVSRSQRAGLQFPVGRIHRHLK,iPTMnet
P0DMV8,561,Kme,PMID:24129315,human,MAKAAAIGIDLGTTYSCVGVFQHGKVEIIANDQGNRTTPSYVAFTDTERLIGDAAKNQVALNPQNTVFDAKRLIGRKFGDPVVQSDMKHWPFQVINDGDKPKVQVSYKGETKAFYPEEISSMVLTKMKEIAEAYLGYPVTNAVITVPAYFNDSQRQATKDAGVIAGLNVLRIINEPTAAAIAYGLDRTGKGERNVLIFDLGGGTFDVSILTIDDGIFEVKATAGDTHLGGEDFDNRLVNHFVEEFKRKHKKDISQNKRAVRRLRTACERAKRTLSSSTQASLEIDSLFEGIDFYTSITRARFEELCSDLFRSTLEPVEKALRDAKLDKAQIHDLVLVGGSTRIPKVQKLLQDFFNGRDLNKSINPDEAVAYGAAVQAAILMGDKSENVQDLLLLDVAPLSLGLETAGGVMTALIKRNSTIPTKQTQIFTTYSDNQPGVLIQVYEGERAMTKDNNLLGRFELSGIPPAPRGVPQIEVTFDIDANGILNVTATDKSTGKANKITITNDKGRLSKEEIERMVQEAEKYKAEDEVQRERVSAKNALESYAFNMKSAVEDEGLKGKISEADKKKVLDKCQEVISWLDANTLAEKDEFEHKRKELEQVCNPIISGLYQGAGGPGPGGFGAQGPKGGSGSGPTIEEVD,VQRERVSAKNALESYAFNMKSAVEDEGLKGKISEADKKKVLDKCQEVISWLDANTLAEKDE,iPTMnet
P0DMV9,561,Kme,PMID:24129315,human,MAKAAAIGIDLGTTYSCVGVFQHGKVEIIANDQGNRTTPSYVAFTDTERLIGDAAKNQVALNPQNTVFDAKRLIGRKFGDPVVQSDMKHWPFQVINDGDKPKVQVSYKGETKAFYPEEISSMVLTKMKEIAEAYLGYPVTNAVITVPAYFNDSQRQATKDAGVIAGLNVLRIINEPTAAAIAYGLDRTGKGERNVLIFDLGGGTFDVSILTIDDGIFEVKATAGDTHLGGEDFDNRLVNHFVEEFKRKHKKDISQNKRAVRRLRTACERAKRTLSSSTQASLEIDSLFEGIDFYTSITRARFEELCSDLFRSTLEPVEKALRDAKLDKAQIHDLVLVGGSTRIPKVQKLLQDFFNGRDLNKSINPDEAVAYGAAVQAAILMGDKSENVQDLLLLDVAPLSLGLETAGGVMTALIKRNSTIPTKQTQIFTTYSDNQPGVLIQVYEGERAMTKDNNLLGRFELSGIPPAPRGVPQIEVTFDIDANGILNVTATDKSTGKANKITITNDKGRLSKEEIERMVQEAEKYKAEDEVQRERVSAKNALESYAFNMKSAVEDEGLKGKISEADKKKVLDKCQEVISWLDANTLAEKDEFEHKRKELEQVCNPIISGLYQGAGGPGPGGFGAQGPKGGSGSGPTIEEVD,VQRERVSAKNALESYAFNMKSAVEDEGLKGKISEADKKKVLDKCQEVISWLDANTLAEKDE,iPTMnet
P0DN76,39,Kme,PMID:24129315,human,MAEYLASIFGTEKDKVNCSFYFKIGACRHGDRCSRLHNKPTFSQTIALLNIYRNPQNSSQSADGLRCAVSDVEMQEHYDEFFEEVFTEMEEKYGEVEEMNVCDNLGDHLVGNVYVKFRREEDAEKAVIDLNNRWFNGQPIHAELSPVTDFREACCRQYEMGECTRGGFCNFMHLKPISRELRRELYGRRRKKHRSRSRSRERRSRSRDRGRGGGGGGGGGGGGRERDRRRSRDRERSGRF,FGTEKDKVNCSFYFKIGACRHGDRCSRLHNKPTFSQTIALLNIYRNPQNSSQSADGLRCAV,iPTMnet
P0DP23,116,Kme,PMID:24129315,human,MADQLTEEQIAEFKEAFSLFDKDGDGTITTKELGTVMRSLGQNPTEAELQDMINEVDADGNGTIDFPEFLTMMARKMKDTDSEEEIREAFRVFDKDGNGYISAAELRHVMTNLGEKLTDEEVDEMIREADIDGDGQVNYEEFVQMMTAK,IREAFRVFDKDGNGYISAAELRHVMTNLGEKLTDEEVDEMIREADIDGDGQVNYEEFVQMM,iPTMnet
P0DP24,116,Kme,PMID:24129315,human,MADQLTEEQIAEFKEAFSLFDKDGDGTITTKELGTVMRSLGQNPTEAELQDMINEVDADGNGTIDFPEFLTMMARKMKDTDSEEEIREAFRVFDKDGNGYISAAELRHVMTNLGEKLTDEEVDEMIREADIDGDGQVNYEEFVQMMTAK,IREAFRVFDKDGNGYISAAELRHVMTNLGEKLTDEEVDEMIREADIDGDGQVNYEEFVQMM,iPTMnet
P0DP25,116,Kme,PMID:24129315,human,MADQLTEEQIAEFKEAFSLFDKDGDGTITTKELGTVMRSLGQNPTEAELQDMINEVDADGNGTIDFPEFLTMMARKMKDTDSEEEIREAFRVFDKDGNGYISAAELRHVMTNLGEKLTDEEVDEMIREADIDGDGQVNYEEFVQMMTAK,IREAFRVFDKDGNGYISAAELRHVMTNLGEKLTDEEVDEMIREADIDGDGQVNYEEFVQMM,iPTMnet
P10412,26,Kme,PMID:3782055,human,MSETAPAAPAAPAPAEKTPVKKKARKSAGAAKRKASGPPVSELITKAVAASKERSGVSLAALKKALAAAGYDVEKNNSRIKLGLKSLVSKGTLVQTKGTGASGSFKLNKKAASGEAKPKAKKAGAAKAKKPAGAAKKPKKATGAATPKKSAKKTPKKAKKPAAAAGAKKAKSPKKAKAAKPKKAPKSPAKAKAVKPKAAKPKTAKPKAAKPKKAAAKKK,_____MSETAPAAPAAPAPAEKTPVKKKARKSAGAAKRKASGPPVSELITKAVAASKERSG,iPTMnet
P11021,585,Kme,PMID:24129315,human,MKLSLVAAMLLLLSAARAEEEDKKEDVGTVVGIDLGTTYSCVGVFKNGRVEIIANDQGNRITPSYVAFTPEGERLIGDAAKNQLTSNPENTVFDAKRLIGRTWNDPSVQQDIKFLPFKVVEKKTKPYIQVDIGGGQTKTFAPEEISAMVLTKMKETAEAYLGKKVTHAVVTVPAYFNDAQRQATKDAGTIAGLNVMRIINEPTAAAIAYGLDKREGEKNILVFDLGGGTFDVSLLTIDNGVFEVVATNGDTHLGGEDFDQRVMEHFIKLYKKKTGKDVRKDNRAVQKLRREVEKAKRALSSQHQARIEIESFYEGEDFSETLTRAKFEELNMDLFRSTMKPVQKVLEDSDLKKSDIDEIVLVGGSTRIPKIQQLVKEFFNGKEPSRGINPDEAVAYGAAVQAGVLSGDQDTGDLVLLDVCPLTLGIETVGGVMTKLIPRNTVVPTKKSQIFSTASDNQPTVTIKVYEGERPLTKDNHLLGTFDLTGIPPAPRGVPQIEVTFEIDVNGILRVTAEDKGTGNKNKITITNDQNRLTPEEIERMVNDAEKFAEEDKKLKERIDTRNELESYAYSLKNQIGDKEKLGGKLSSEDKETMEKAVEEKIEWLESHQDADIEDFKAKKKELEEIVQPIISKLYGSAGPPPTGEEDTAEKDEL,LKERIDTRNELESYAYSLKNQIGDKEKLGGKLSSEDKETMEKAVEEKIEWLESHQDADIED,iPTMnet
P11021,591,Kme,PMID:24129315,human,MKLSLVAAMLLLLSAARAEEEDKKEDVGTVVGIDLGTTYSCVGVFKNGRVEIIANDQGNRITPSYVAFTPEGERLIGDAAKNQLTSNPENTVFDAKRLIGRTWNDPSVQQDIKFLPFKVVEKKTKPYIQVDIGGGQTKTFAPEEISAMVLTKMKETAEAYLGKKVTHAVVTVPAYFNDAQRQATKDAGTIAGLNVMRIINEPTAAAIAYGLDKREGEKNILVFDLGGGTFDVSLLTIDNGVFEVVATNGDTHLGGEDFDQRVMEHFIKLYKKKTGKDVRKDNRAVQKLRREVEKAKRALSSQHQARIEIESFYEGEDFSETLTRAKFEELNMDLFRSTMKPVQKVLEDSDLKKSDIDEIVLVGGSTRIPKIQQLVKEFFNGKEPSRGINPDEAVAYGAAVQAGVLSGDQDTGDLVLLDVCPLTLGIETVGGVMTKLIPRNTVVPTKKSQIFSTASDNQPTVTIKVYEGERPLTKDNHLLGTFDLTGIPPAPRGVPQIEVTFEIDVNGILRVTAEDKGTGNKNKITITNDQNRLTPEEIERMVNDAEKFAEEDKKLKERIDTRNELESYAYSLKNQIGDKEKLGGKLSSEDKETMEKAVEEKIEWLESHQDADIEDFKAKKKELEEIVQPIISKLYGSAGPPPTGEEDTAEKDEL,TRNELESYAYSLKNQIGDKEKLGGKLSSEDKETMEKAVEEKIEWLESHQDADIEDFKAKKK,iPTMnet
P11142,561,Kme,PMID:24129315,human,MSKGPAVGIDLGTTYSCVGVFQHGKVEIIANDQGNRTTPSYVAFTDTERLIGDAAKNQVAMNPTNTVFDAKRLIGRRFDDAVVQSDMKHWPFMVVNDAGRPKVQVEYKGETKSFYPEEVSSMVLTKMKEIAEAYLGKTVTNAVVTVPAYFNDSQRQATKDAGTIAGLNVLRIINEPTAAAIAYGLDKKVGAERNVLIFDLGGGTFDVSILTIEDGIFEVKSTAGDTHLGGEDFDNRMVNHFIAEFKRKHKKDISENKRAVRRLRTACERAKRTLSSSTQASIEIDSLYEGIDFYTSITRARFEELNADLFRGTLDPVEKALRDAKLDKSQIHDIVLVGGSTRIPKIQKLLQDFFNGKELNKSINPDEAVAYGAAVQAAILSGDKSENVQDLLLLDVTPLSLGIETAGGVMTVLIKRNTTIPTKQTQTFTTYSDNQPGVLIQVYEGERAMTKDNNLLGKFELTGIPPAPRGVPQIEVTFDIDANGILNVSAVDKSTGKENKITITNDKGRLSKEDIERMVQEAEKYKAEDEKQRDKVSSKNSLESYAFNMKATVEDEKLQGKINDEDKQKILDKCNEIINWLDKNQTAEKEEFEHQQKELEKVCNPIITKLYQSAGGMPGGMPGGFPGGGAPPSGGASSGPTIEEVD,KQRDKVSSKNSLESYAFNMKATVEDEKLQGKINDEDKQKILDKCNEIINWLDKNQTAEKEE,iPTMnet
P15172,104,Kme,PMID:22215600,human,MELLSPPLRDVDLTAPDGSLCSFATTDDFYDDPCFDSPDLRFFEDLDPRLMHVGALLKPEEHSHFPAAVHPAPGAREDEHVRAPSGHHQAGRCLLWACKACKRKTTNADRRKAATMRERRRLSKVNEAFETLKRCTSSNPNQRLPKVEILRNAIRYIEGLQALLRDQDAAPPGAAAAFYAPGPLPPGRGGEHYSGDSDASSPRSNCSDGMMDYSGPPSGARRRNCYEGAYYNEAPSEPRPGKSAAVSSLDCLSSIVERISTESPAAPALLLADVPSESPPRRQEAAAPSEGESSGDPTQSPDAAPQCPAGANPNPIYQVL,GAREDEHVRAPSGHHQAGRCLLWACKACKRKTTNADRRKAATMRERRRLSKVNEAFETLKR,iPTMnet
P16401,27,Kme,PMID:19552482,human,MSETAPAETATPAPVEKSPAKKKATKKAAGAGAAKRKATGPPVSELITKAVAASKERNGLSLAALKKALAAGGYDVEKNNSRIKLGLKSLVSKGTLVQTKGTGASGSFKLNKKAASGEAKPKAKKAGAAKAKKPAGATPKKAKKAAGAKKAVKKTPKKAKKPAAAGVKKVAKSPKKAKAAAKPKKATKSPAKPKAVKPKAAKPKAAKPKAAKPKAAKAKKAAAKKK,____MSETAPAETATPAPVEKSPAKKKATKKAAGAGAAKRKATGPPVSELITKAVAASKER,iPTMnet
P16403,187,Kme,PMID:20334638,human,MSETAPAAPAAAPPAEKAPVKKKAAKKAGGTPRKASGPPVSELITKAVAASKERSGVSLAALKKALAAAGYDVEKNNSRIKLGLKSLVSKGTLVQTKGTGASGSFKLNKKAASGEAKPKVKKAGGTKPKKPVGAAKKPKKAAGGATPKKSAKKTPKKAKKPAAATVTKKVAKSPKKAKVAKPKKAAKSAAKAVKPKAAKPKVVKPKKAAPKKK,KAKKPAAATVTKKVAKSPKKAKVAKPKKAAKSAAKAVKPKAAKPKVVKPKKAAPKKK____,iPTMnet
P16949,29,Kme,PMID:24129315,human,MASSDIQVKELEKRASGQAFELILSPRSKESVPEFPLSPPKKKDLSLEEIQKKLEAAEERRKSHEAEVLKQLAEKREHEKEVLQKAIEENNNFSKMAEEKLTHKMEANKENREAQMAAKLERLREKDKHIEEVRKNKESKDPADETEAD,__MASSDIQVKELEKRASGQAFELILSPRSKESVPEFPLSPPKKKDLSLEEIQKKLEAAEE,iPTMnet
P20290,46,Kme,PMID:24129315,human,MRRTGAPAQADSRGRGRARGGCPGGEATLSQPPPRGGTRGQEPQMKETIMNQEKLAKLQAQVRIGGKGTARRKKKVVHRTATADDKKLQFSLKKLGVNNISGIEEVNMFTNQGTVIHFNNPKVQASLAANTFTITGHAETKQLTEMLPSILNQLGADSLTSLRRLAEALPKQSVDGKAPLATGEDDDDEVPDLVENFDEASKNEAN,GRARGGCPGGEATLSQPPPRGGTRGQEPQMKETIMNQEKLAKLQAQVRIGGKGTARRKKKV,iPTMnet
P20290,54,Kme,PMID:24129315,human,MRRTGAPAQADSRGRGRARGGCPGGEATLSQPPPRGGTRGQEPQMKETIMNQEKLAKLQAQVRIGGKGTARRKKKVVHRTATADDKKLQFSLKKLGVNNISGIEEVNMFTNQGTVIHFNNPKVQASLAANTFTITGHAETKQLTEMLPSILNQLGADSLTSLRRLAEALPKQSVDGKAPLATGEDDDDEVPDLVENFDEASKNEAN,GGEATLSQPPPRGGTRGQEPQMKETIMNQEKLAKLQAQVRIGGKGTARRKKKVVHRTATAD,iPTMnet
P23527,109,Kme,PMID:16627869,human,MPDPAKSAPAPKKGSKKAVTKAQKKDGKKRKRSRKESYSIYVYKVLKQVHPDTGISSKAMGIMNSFVNDIFERIAGEASRLAHYNKRSTITSREIQTAVRLLLPGELAKHAVSEGTKAVTKYTSSK,SRLAHYNKRSTITSREIQTAVRLLLPGELAKHAVSEGTKAVTKYTSSK_____________,iPTMnet
P23527,47,Kme,PMID:16627869,human,MPDPAKSAPAPKKGSKKAVTKAQKKDGKKRKRSRKESYSIYVYKVLKQVHPDTGISSKAMGIMNSFVNDIFERIAGEASRLAHYNKRSTITSREIQTAVRLLLPGELAKHAVSEGTKAVTKYTSSK,KAVTKAQKKDGKKRKRSRKESYSIYVYKVLKQVHPDTGISSKAMGIMNSFVNDIFERIAGE,iPTMnet
P23527,58,Kme,PMID:16627869,human,MPDPAKSAPAPKKGSKKAVTKAQKKDGKKRKRSRKESYSIYVYKVLKQVHPDTGISSKAMGIMNSFVNDIFERIAGEASRLAHYNKRSTITSREIQTAVRLLLPGELAKHAVSEGTKAVTKYTSSK,KKRKRSRKESYSIYVYKVLKQVHPDTGISSKAMGIMNSFVNDIFERIAGEASRLAHYNKRS,iPTMnet
P24928,1859,Kme,PMID:26566685,human,MHGGGPPSGDSACPLRTIKRVQFGVLSPDELKRMSVTEGGIKYPETTEGGRPKLGGLMDPRQGVIERTGRCQTCAGNMTECPGHFGHIELAKPVFHVGFLVKTMKVLRCVCFFCSKLLVDSNNPKIKDILAKSKGQPKKRLTHVYDLCKGKNICEGGEEMDNKFGVEQPEGDEDLTKEKGHGGCGRYQPRIRRSGLELYAEWKHVNEDSQEKKILLSPERVHEIFKRISDEECFVLGMEPRYARPEWMIVTVLPVPPLSVRPAVVMQGSARNQDDLTHKLADIVKINNQLRRNEQNGAAAHVIAEDVKLLQFHVATMVDNELPGLPRAMQKSGRPLKSLKQRLKGKEGRVRGNLMGKRVDFSARTVITPDPNLSIDQVGVPRSIAANMTFAEIVTPFNIDRLQELVRRGNSQYPGAKYIIRDNGDRIDLRFHPKPSDLHLQTGYKVERHMCDGDIVIFNRQPTLHKMSMMGHRVRILPWSTFRLNLSVTTPYNADFDGDEMNLHLPQSLETRAEIQELAMVPRMIVTPQSNRPVMGIVQDTLTAVRKFTKRDVFLERGEVMNLLMFLSTWDGKVPQPAILKPRPLWTGKQIFSLIIPGHINCIRTHSTHPDDEDSGPYKHISPGDTKVVVENGELIMGILCKKSLGTSAGSLVHISYLEMGHDITRLFYSNIQTVINNWLLIEGHTIGIGDSIADSKTYQDIQNTIKKAKQDVIEVIEKAHNNELEPTPGNTLRQTFENQVNRILNDARDKTGSSAQKSLSEYNNFKSMVVSGAKGSKINISQVIAVVGQQNVEGKRIPFGFKHRTLPHFIKDDYGPESRGFVENSYLAGLTPTEFFFHAMGGREGLIDTAVKTAETGYIQRRLIKSMESVMVKYDATVRNSINQVVQLRYGEDGLAGESVEFQNLATLKPSNKAFEKKFRFDYTNERALRRTLQEDLVKDVLSNAHIQNELEREFERMREDREVLRVIFPTGDSKVVLPCNLLRMIWNAQKIFHINPRLPSDLHPIKVVEGVKELSKKLVIVNGDDPLSRQAQENATLLFNIHLRSTLCSRRMAEEFRLSGEAFDWLLGEIESKFNQAIAHPGEMVGALAAQSLGEPATQMTLNTFHYAGVSAKNVTLGVPRLKELINISKKPKTPSLTVFLLGQSARDAERAKDILCRLEHTTLRKVTANTAIYYDPNPQSTVVAEDQEWVNVYYEMPDFDVARISPWLLRVELDRKHMTDRKLTMEQIAEKINAGFGDDLNCIFNDDNAEKLVLRIRIMNSDENKMQEEEEVVDKMDDDVFLRCIESNMLTDMTLQGIEQISKVYMHLPQTDNKKKIIITEDGEFKALQEWILETDGVSLMRVLSEKDVDPVRTTSNDIVEIFTVLGIEAVRKALERELYHVISFDGSYVNYRHLALLCDTMTCRGHLMAITRHGVNRQDTGPLMKCSFEETVDVLMEAAAHGESDPMKGVSENIMLGQLAPAGTGCFDLLLDAEKCKYGMEIPTNIPGLGAAGPTGMFFGSAPSPMGGISPAMTPWNQGATPAYGAWSPSVGSGMTPGAAGFSPSAASDASGFSPGYSPAWSPTPGSPGSPGPSSPYIPSPGGAMSPSYSPTSPAYEPRSPGGYTPQSPSYSPTSPSYSPTSPSYSPTSPNYSPTSPSYSPTSPSYSPTSPSYSPTSPSYSPTSPSYSPTSPSYSPTSPSYSPTSPSYSPTSPSYSPTSPSYSPTSPSYSPTSPSYSPTSPSYSPTSPSYSPTSPSYSPTSPNYSPTSPNYTPTSPSYSPTSPSYSPTSPNYTPTSPNYSPTSPSYSPTSPSYSPTSPSYSPSSPRYTPQSPTYTPSSPSYSPSSPSYSPASPKYTPTSPSYSPSSPEYTPTSPKYSPTSPKYSPTSPKYSPTSPTYSPTTPKYSPTSPTYSPTSPVYTPTSPKYSPTSPTYSPTSPKYSPTSPTYSPTSPKGSTYSPTSPGYSPTSPTYSLTSPAISPDDSDEEN,SPSYSPASPKYTPTSPSYSPSSPEYTPTSPKYSPTSPKYSPTSPKYSPTSPTYSPTTPKYS,iPTMnet
P24928,1866,Kme,PMID:26566685,human,MHGGGPPSGDSACPLRTIKRVQFGVLSPDELKRMSVTEGGIKYPETTEGGRPKLGGLMDPRQGVIERTGRCQTCAGNMTECPGHFGHIELAKPVFHVGFLVKTMKVLRCVCFFCSKLLVDSNNPKIKDILAKSKGQPKKRLTHVYDLCKGKNICEGGEEMDNKFGVEQPEGDEDLTKEKGHGGCGRYQPRIRRSGLELYAEWKHVNEDSQEKKILLSPERVHEIFKRISDEECFVLGMEPRYARPEWMIVTVLPVPPLSVRPAVVMQGSARNQDDLTHKLADIVKINNQLRRNEQNGAAAHVIAEDVKLLQFHVATMVDNELPGLPRAMQKSGRPLKSLKQRLKGKEGRVRGNLMGKRVDFSARTVITPDPNLSIDQVGVPRSIAANMTFAEIVTPFNIDRLQELVRRGNSQYPGAKYIIRDNGDRIDLRFHPKPSDLHLQTGYKVERHMCDGDIVIFNRQPTLHKMSMMGHRVRILPWSTFRLNLSVTTPYNADFDGDEMNLHLPQSLETRAEIQELAMVPRMIVTPQSNRPVMGIVQDTLTAVRKFTKRDVFLERGEVMNLLMFLSTWDGKVPQPAILKPRPLWTGKQIFSLIIPGHINCIRTHSTHPDDEDSGPYKHISPGDTKVVVENGELIMGILCKKSLGTSAGSLVHISYLEMGHDITRLFYSNIQTVINNWLLIEGHTIGIGDSIADSKTYQDIQNTIKKAKQDVIEVIEKAHNNELEPTPGNTLRQTFENQVNRILNDARDKTGSSAQKSLSEYNNFKSMVVSGAKGSKINISQVIAVVGQQNVEGKRIPFGFKHRTLPHFIKDDYGPESRGFVENSYLAGLTPTEFFFHAMGGREGLIDTAVKTAETGYIQRRLIKSMESVMVKYDATVRNSINQVVQLRYGEDGLAGESVEFQNLATLKPSNKAFEKKFRFDYTNERALRRTLQEDLVKDVLSNAHIQNELEREFERMREDREVLRVIFPTGDSKVVLPCNLLRMIWNAQKIFHINPRLPSDLHPIKVVEGVKELSKKLVIVNGDDPLSRQAQENATLLFNIHLRSTLCSRRMAEEFRLSGEAFDWLLGEIESKFNQAIAHPGEMVGALAAQSLGEPATQMTLNTFHYAGVSAKNVTLGVPRLKELINISKKPKTPSLTVFLLGQSARDAERAKDILCRLEHTTLRKVTANTAIYYDPNPQSTVVAEDQEWVNVYYEMPDFDVARISPWLLRVELDRKHMTDRKLTMEQIAEKINAGFGDDLNCIFNDDNAEKLVLRIRIMNSDENKMQEEEEVVDKMDDDVFLRCIESNMLTDMTLQGIEQISKVYMHLPQTDNKKKIIITEDGEFKALQEWILETDGVSLMRVLSEKDVDPVRTTSNDIVEIFTVLGIEAVRKALERELYHVISFDGSYVNYRHLALLCDTMTCRGHLMAITRHGVNRQDTGPLMKCSFEETVDVLMEAAAHGESDPMKGVSENIMLGQLAPAGTGCFDLLLDAEKCKYGMEIPTNIPGLGAAGPTGMFFGSAPSPMGGISPAMTPWNQGATPAYGAWSPSVGSGMTPGAAGFSPSAASDASGFSPGYSPAWSPTPGSPGSPGPSSPYIPSPGGAMSPSYSPTSPAYEPRSPGGYTPQSPSYSPTSPSYSPTSPSYSPTSPNYSPTSPSYSPTSPSYSPTSPSYSPTSPSYSPTSPSYSPTSPSYSPTSPSYSPTSPSYSPTSPSYSPTSPSYSPTSPSYSPTSPSYSPTSPSYSPTSPSYSPTSPSYSPTSPNYSPTSPNYTPTSPSYSPTSPSYSPTSPNYTPTSPNYSPTSPSYSPTSPSYSPTSPSYSPSSPRYTPQSPTYTPSSPSYSPSSPSYSPASPKYTPTSPSYSPSSPEYTPTSPKYSPTSPKYSPTSPKYSPTSPTYSPTTPKYSPTSPTYSPTSPVYTPTSPKYSPTSPTYSPTSPKYSPTSPTYSPTSPKGSTYSPTSPGYSPTSPTYSLTSPAISPDDSDEEN,SPKYTPTSPSYSPSSPEYTPTSPKYSPTSPKYSPTSPKYSPTSPTYSPTTPKYSPTSPTYS,iPTMnet
P24928,1873,Kme,PMID:26566685,human,MHGGGPPSGDSACPLRTIKRVQFGVLSPDELKRMSVTEGGIKYPETTEGGRPKLGGLMDPRQGVIERTGRCQTCAGNMTECPGHFGHIELAKPVFHVGFLVKTMKVLRCVCFFCSKLLVDSNNPKIKDILAKSKGQPKKRLTHVYDLCKGKNICEGGEEMDNKFGVEQPEGDEDLTKEKGHGGCGRYQPRIRRSGLELYAEWKHVNEDSQEKKILLSPERVHEIFKRISDEECFVLGMEPRYARPEWMIVTVLPVPPLSVRPAVVMQGSARNQDDLTHKLADIVKINNQLRRNEQNGAAAHVIAEDVKLLQFHVATMVDNELPGLPRAMQKSGRPLKSLKQRLKGKEGRVRGNLMGKRVDFSARTVITPDPNLSIDQVGVPRSIAANMTFAEIVTPFNIDRLQELVRRGNSQYPGAKYIIRDNGDRIDLRFHPKPSDLHLQTGYKVERHMCDGDIVIFNRQPTLHKMSMMGHRVRILPWSTFRLNLSVTTPYNADFDGDEMNLHLPQSLETRAEIQELAMVPRMIVTPQSNRPVMGIVQDTLTAVRKFTKRDVFLERGEVMNLLMFLSTWDGKVPQPAILKPRPLWTGKQIFSLIIPGHINCIRTHSTHPDDEDSGPYKHISPGDTKVVVENGELIMGILCKKSLGTSAGSLVHISYLEMGHDITRLFYSNIQTVINNWLLIEGHTIGIGDSIADSKTYQDIQNTIKKAKQDVIEVIEKAHNNELEPTPGNTLRQTFENQVNRILNDARDKTGSSAQKSLSEYNNFKSMVVSGAKGSKINISQVIAVVGQQNVEGKRIPFGFKHRTLPHFIKDDYGPESRGFVENSYLAGLTPTEFFFHAMGGREGLIDTAVKTAETGYIQRRLIKSMESVMVKYDATVRNSINQVVQLRYGEDGLAGESVEFQNLATLKPSNKAFEKKFRFDYTNERALRRTLQEDLVKDVLSNAHIQNELEREFERMREDREVLRVIFPTGDSKVVLPCNLLRMIWNAQKIFHINPRLPSDLHPIKVVEGVKELSKKLVIVNGDDPLSRQAQENATLLFNIHLRSTLCSRRMAEEFRLSGEAFDWLLGEIESKFNQAIAHPGEMVGALAAQSLGEPATQMTLNTFHYAGVSAKNVTLGVPRLKELINISKKPKTPSLTVFLLGQSARDAERAKDILCRLEHTTLRKVTANTAIYYDPNPQSTVVAEDQEWVNVYYEMPDFDVARISPWLLRVELDRKHMTDRKLTMEQIAEKINAGFGDDLNCIFNDDNAEKLVLRIRIMNSDENKMQEEEEVVDKMDDDVFLRCIESNMLTDMTLQGIEQISKVYMHLPQTDNKKKIIITEDGEFKALQEWILETDGVSLMRVLSEKDVDPVRTTSNDIVEIFTVLGIEAVRKALERELYHVISFDGSYVNYRHLALLCDTMTCRGHLMAITRHGVNRQDTGPLMKCSFEETVDVLMEAAAHGESDPMKGVSENIMLGQLAPAGTGCFDLLLDAEKCKYGMEIPTNIPGLGAAGPTGMFFGSAPSPMGGISPAMTPWNQGATPAYGAWSPSVGSGMTPGAAGFSPSAASDASGFSPGYSPAWSPTPGSPGSPGPSSPYIPSPGGAMSPSYSPTSPAYEPRSPGGYTPQSPSYSPTSPSYSPTSPSYSPTSPNYSPTSPSYSPTSPSYSPTSPSYSPTSPSYSPTSPSYSPTSPSYSPTSPSYSPTSPSYSPTSPSYSPTSPSYSPTSPSYSPTSPSYSPTSPSYSPTSPSYSPTSPSYSPTSPNYSPTSPNYTPTSPSYSPTSPSYSPTSPNYTPTSPNYSPTSPSYSPTSPSYSPTSPSYSPSSPRYTPQSPTYTPSSPSYSPSSPSYSPASPKYTPTSPSYSPSSPEYTPTSPKYSPTSPKYSPTSPKYSPTSPTYSPTTPKYSPTSPTYSPTSPVYTPTSPKYSPTSPTYSPTSPKYSPTSPTYSPTSPKGSTYSPTSPGYSPTSPTYSLTSPAISPDDSDEEN,SPSYSPSSPEYTPTSPKYSPTSPKYSPTSPKYSPTSPTYSPTTPKYSPTSPTYSPTSPVYT,iPTMnet
P24928,1887,Kme,PMID:26566685,human,MHGGGPPSGDSACPLRTIKRVQFGVLSPDELKRMSVTEGGIKYPETTEGGRPKLGGLMDPRQGVIERTGRCQTCAGNMTECPGHFGHIELAKPVFHVGFLVKTMKVLRCVCFFCSKLLVDSNNPKIKDILAKSKGQPKKRLTHVYDLCKGKNICEGGEEMDNKFGVEQPEGDEDLTKEKGHGGCGRYQPRIRRSGLELYAEWKHVNEDSQEKKILLSPERVHEIFKRISDEECFVLGMEPRYARPEWMIVTVLPVPPLSVRPAVVMQGSARNQDDLTHKLADIVKINNQLRRNEQNGAAAHVIAEDVKLLQFHVATMVDNELPGLPRAMQKSGRPLKSLKQRLKGKEGRVRGNLMGKRVDFSARTVITPDPNLSIDQVGVPRSIAANMTFAEIVTPFNIDRLQELVRRGNSQYPGAKYIIRDNGDRIDLRFHPKPSDLHLQTGYKVERHMCDGDIVIFNRQPTLHKMSMMGHRVRILPWSTFRLNLSVTTPYNADFDGDEMNLHLPQSLETRAEIQELAMVPRMIVTPQSNRPVMGIVQDTLTAVRKFTKRDVFLERGEVMNLLMFLSTWDGKVPQPAILKPRPLWTGKQIFSLIIPGHINCIRTHSTHPDDEDSGPYKHISPGDTKVVVENGELIMGILCKKSLGTSAGSLVHISYLEMGHDITRLFYSNIQTVINNWLLIEGHTIGIGDSIADSKTYQDIQNTIKKAKQDVIEVIEKAHNNELEPTPGNTLRQTFENQVNRILNDARDKTGSSAQKSLSEYNNFKSMVVSGAKGSKINISQVIAVVGQQNVEGKRIPFGFKHRTLPHFIKDDYGPESRGFVENSYLAGLTPTEFFFHAMGGREGLIDTAVKTAETGYIQRRLIKSMESVMVKYDATVRNSINQVVQLRYGEDGLAGESVEFQNLATLKPSNKAFEKKFRFDYTNERALRRTLQEDLVKDVLSNAHIQNELEREFERMREDREVLRVIFPTGDSKVVLPCNLLRMIWNAQKIFHINPRLPSDLHPIKVVEGVKELSKKLVIVNGDDPLSRQAQENATLLFNIHLRSTLCSRRMAEEFRLSGEAFDWLLGEIESKFNQAIAHPGEMVGALAAQSLGEPATQMTLNTFHYAGVSAKNVTLGVPRLKELINISKKPKTPSLTVFLLGQSARDAERAKDILCRLEHTTLRKVTANTAIYYDPNPQSTVVAEDQEWVNVYYEMPDFDVARISPWLLRVELDRKHMTDRKLTMEQIAEKINAGFGDDLNCIFNDDNAEKLVLRIRIMNSDENKMQEEEEVVDKMDDDVFLRCIESNMLTDMTLQGIEQISKVYMHLPQTDNKKKIIITEDGEFKALQEWILETDGVSLMRVLSEKDVDPVRTTSNDIVEIFTVLGIEAVRKALERELYHVISFDGSYVNYRHLALLCDTMTCRGHLMAITRHGVNRQDTGPLMKCSFEETVDVLMEAAAHGESDPMKGVSENIMLGQLAPAGTGCFDLLLDAEKCKYGMEIPTNIPGLGAAGPTGMFFGSAPSPMGGISPAMTPWNQGATPAYGAWSPSVGSGMTPGAAGFSPSAASDASGFSPGYSPAWSPTPGSPGSPGPSSPYIPSPGGAMSPSYSPTSPAYEPRSPGGYTPQSPSYSPTSPSYSPTSPSYSPTSPNYSPTSPSYSPTSPSYSPTSPSYSPTSPSYSPTSPSYSPTSPSYSPTSPSYSPTSPSYSPTSPSYSPTSPSYSPTSPSYSPTSPSYSPTSPSYSPTSPSYSPTSPSYSPTSPNYSPTSPNYTPTSPSYSPTSPSYSPTSPNYTPTSPNYSPTSPSYSPTSPSYSPTSPSYSPSSPRYTPQSPTYTPSSPSYSPSSPSYSPASPKYTPTSPSYSPSSPEYTPTSPKYSPTSPKYSPTSPKYSPTSPTYSPTTPKYSPTSPTYSPTSPVYTPTSPKYSPTSPTYSPTSPKYSPTSPTYSPTSPKGSTYSPTSPGYSPTSPTYSLTSPAISPDDSDEEN,SPKYSPTSPKYSPTSPKYSPTSPTYSPTTPKYSPTSPTYSPTSPVYTPTSPKYSPTSPTYS,iPTMnet
P24928,1922,Kme,PMID:26566685,human,MHGGGPPSGDSACPLRTIKRVQFGVLSPDELKRMSVTEGGIKYPETTEGGRPKLGGLMDPRQGVIERTGRCQTCAGNMTECPGHFGHIELAKPVFHVGFLVKTMKVLRCVCFFCSKLLVDSNNPKIKDILAKSKGQPKKRLTHVYDLCKGKNICEGGEEMDNKFGVEQPEGDEDLTKEKGHGGCGRYQPRIRRSGLELYAEWKHVNEDSQEKKILLSPERVHEIFKRISDEECFVLGMEPRYARPEWMIVTVLPVPPLSVRPAVVMQGSARNQDDLTHKLADIVKINNQLRRNEQNGAAAHVIAEDVKLLQFHVATMVDNELPGLPRAMQKSGRPLKSLKQRLKGKEGRVRGNLMGKRVDFSARTVITPDPNLSIDQVGVPRSIAANMTFAEIVTPFNIDRLQELVRRGNSQYPGAKYIIRDNGDRIDLRFHPKPSDLHLQTGYKVERHMCDGDIVIFNRQPTLHKMSMMGHRVRILPWSTFRLNLSVTTPYNADFDGDEMNLHLPQSLETRAEIQELAMVPRMIVTPQSNRPVMGIVQDTLTAVRKFTKRDVFLERGEVMNLLMFLSTWDGKVPQPAILKPRPLWTGKQIFSLIIPGHINCIRTHSTHPDDEDSGPYKHISPGDTKVVVENGELIMGILCKKSLGTSAGSLVHISYLEMGHDITRLFYSNIQTVINNWLLIEGHTIGIGDSIADSKTYQDIQNTIKKAKQDVIEVIEKAHNNELEPTPGNTLRQTFENQVNRILNDARDKTGSSAQKSLSEYNNFKSMVVSGAKGSKINISQVIAVVGQQNVEGKRIPFGFKHRTLPHFIKDDYGPESRGFVENSYLAGLTPTEFFFHAMGGREGLIDTAVKTAETGYIQRRLIKSMESVMVKYDATVRNSINQVVQLRYGEDGLAGESVEFQNLATLKPSNKAFEKKFRFDYTNERALRRTLQEDLVKDVLSNAHIQNELEREFERMREDREVLRVIFPTGDSKVVLPCNLLRMIWNAQKIFHINPRLPSDLHPIKVVEGVKELSKKLVIVNGDDPLSRQAQENATLLFNIHLRSTLCSRRMAEEFRLSGEAFDWLLGEIESKFNQAIAHPGEMVGALAAQSLGEPATQMTLNTFHYAGVSAKNVTLGVPRLKELINISKKPKTPSLTVFLLGQSARDAERAKDILCRLEHTTLRKVTANTAIYYDPNPQSTVVAEDQEWVNVYYEMPDFDVARISPWLLRVELDRKHMTDRKLTMEQIAEKINAGFGDDLNCIFNDDNAEKLVLRIRIMNSDENKMQEEEEVVDKMDDDVFLRCIESNMLTDMTLQGIEQISKVYMHLPQTDNKKKIIITEDGEFKALQEWILETDGVSLMRVLSEKDVDPVRTTSNDIVEIFTVLGIEAVRKALERELYHVISFDGSYVNYRHLALLCDTMTCRGHLMAITRHGVNRQDTGPLMKCSFEETVDVLMEAAAHGESDPMKGVSENIMLGQLAPAGTGCFDLLLDAEKCKYGMEIPTNIPGLGAAGPTGMFFGSAPSPMGGISPAMTPWNQGATPAYGAWSPSVGSGMTPGAAGFSPSAASDASGFSPGYSPAWSPTPGSPGSPGPSSPYIPSPGGAMSPSYSPTSPAYEPRSPGGYTPQSPSYSPTSPSYSPTSPSYSPTSPNYSPTSPSYSPTSPSYSPTSPSYSPTSPSYSPTSPSYSPTSPSYSPTSPSYSPTSPSYSPTSPSYSPTSPSYSPTSPSYSPTSPSYSPTSPSYSPTSPSYSPTSPSYSPTSPNYSPTSPNYTPTSPSYSPTSPSYSPTSPNYTPTSPNYSPTSPSYSPTSPSYSPTSPSYSPSSPRYTPQSPTYTPSSPSYSPSSPSYSPASPKYTPTSPSYSPSSPEYTPTSPKYSPTSPKYSPTSPKYSPTSPTYSPTTPKYSPTSPTYSPTSPVYTPTSPKYSPTSPTYSPTSPKYSPTSPTYSPTSPKGSTYSPTSPGYSPTSPTYSLTSPAISPDDSDEEN,SPTYSPTSPVYTPTSPKYSPTSPTYSPTSPKYSPTSPTYSPTSPKGSTYSPTSPGYSPTSP,iPTMnet
P24928,1936,Kme,PMID:26566685,human,MHGGGPPSGDSACPLRTIKRVQFGVLSPDELKRMSVTEGGIKYPETTEGGRPKLGGLMDPRQGVIERTGRCQTCAGNMTECPGHFGHIELAKPVFHVGFLVKTMKVLRCVCFFCSKLLVDSNNPKIKDILAKSKGQPKKRLTHVYDLCKGKNICEGGEEMDNKFGVEQPEGDEDLTKEKGHGGCGRYQPRIRRSGLELYAEWKHVNEDSQEKKILLSPERVHEIFKRISDEECFVLGMEPRYARPEWMIVTVLPVPPLSVRPAVVMQGSARNQDDLTHKLADIVKINNQLRRNEQNGAAAHVIAEDVKLLQFHVATMVDNELPGLPRAMQKSGRPLKSLKQRLKGKEGRVRGNLMGKRVDFSARTVITPDPNLSIDQVGVPRSIAANMTFAEIVTPFNIDRLQELVRRGNSQYPGAKYIIRDNGDRIDLRFHPKPSDLHLQTGYKVERHMCDGDIVIFNRQPTLHKMSMMGHRVRILPWSTFRLNLSVTTPYNADFDGDEMNLHLPQSLETRAEIQELAMVPRMIVTPQSNRPVMGIVQDTLTAVRKFTKRDVFLERGEVMNLLMFLSTWDGKVPQPAILKPRPLWTGKQIFSLIIPGHINCIRTHSTHPDDEDSGPYKHISPGDTKVVVENGELIMGILCKKSLGTSAGSLVHISYLEMGHDITRLFYSNIQTVINNWLLIEGHTIGIGDSIADSKTYQDIQNTIKKAKQDVIEVIEKAHNNELEPTPGNTLRQTFENQVNRILNDARDKTGSSAQKSLSEYNNFKSMVVSGAKGSKINISQVIAVVGQQNVEGKRIPFGFKHRTLPHFIKDDYGPESRGFVENSYLAGLTPTEFFFHAMGGREGLIDTAVKTAETGYIQRRLIKSMESVMVKYDATVRNSINQVVQLRYGEDGLAGESVEFQNLATLKPSNKAFEKKFRFDYTNERALRRTLQEDLVKDVLSNAHIQNELEREFERMREDREVLRVIFPTGDSKVVLPCNLLRMIWNAQKIFHINPRLPSDLHPIKVVEGVKELSKKLVIVNGDDPLSRQAQENATLLFNIHLRSTLCSRRMAEEFRLSGEAFDWLLGEIESKFNQAIAHPGEMVGALAAQSLGEPATQMTLNTFHYAGVSAKNVTLGVPRLKELINISKKPKTPSLTVFLLGQSARDAERAKDILCRLEHTTLRKVTANTAIYYDPNPQSTVVAEDQEWVNVYYEMPDFDVARISPWLLRVELDRKHMTDRKLTMEQIAEKINAGFGDDLNCIFNDDNAEKLVLRIRIMNSDENKMQEEEEVVDKMDDDVFLRCIESNMLTDMTLQGIEQISKVYMHLPQTDNKKKIIITEDGEFKALQEWILETDGVSLMRVLSEKDVDPVRTTSNDIVEIFTVLGIEAVRKALERELYHVISFDGSYVNYRHLALLCDTMTCRGHLMAITRHGVNRQDTGPLMKCSFEETVDVLMEAAAHGESDPMKGVSENIMLGQLAPAGTGCFDLLLDAEKCKYGMEIPTNIPGLGAAGPTGMFFGSAPSPMGGISPAMTPWNQGATPAYGAWSPSVGSGMTPGAAGFSPSAASDASGFSPGYSPAWSPTPGSPGSPGPSSPYIPSPGGAMSPSYSPTSPAYEPRSPGGYTPQSPSYSPTSPSYSPTSPSYSPTSPNYSPTSPSYSPTSPSYSPTSPSYSPTSPSYSPTSPSYSPTSPSYSPTSPSYSPTSPSYSPTSPSYSPTSPSYSPTSPSYSPTSPSYSPTSPSYSPTSPSYSPTSPSYSPTSPNYSPTSPNYTPTSPSYSPTSPSYSPTSPNYTPTSPNYSPTSPSYSPTSPSYSPTSPSYSPSSPRYTPQSPTYTPSSPSYSPSSPSYSPASPKYTPTSPSYSPSSPEYTPTSPKYSPTSPKYSPTSPKYSPTSPTYSPTTPKYSPTSPTYSPTSPVYTPTSPKYSPTSPTYSPTSPKYSPTSPTYSPTSPKGSTYSPTSPGYSPTSPTYSLTSPAISPDDSDEEN,SPKYSPTSPTYSPTSPKYSPTSPTYSPTSPKGSTYSPTSPGYSPTSPTYSLTSPAISPDDS,iPTMnet
P26358,142,Kme,PMID:21151116,human,MPARTAPARVPTLAVPAISLPDDVRRRLKDLERDSLTEKECVKEKLNLLHEFLQTEIKNQLCDLETKLRKEELSEEGYLAKVKSLLNKDLSLENGAHAYNREVNGRLENGNQARSEARRVGMADANSPPKPLSKPRTPRRSKSDGEAKPEPSPSPRITRKSTRQTTITSHFAKGPAKRKPQEESERAKSDESIKEEDKDQDEKRRRVTSRERVARPLPAEEPERAKSGTRTEKEEERDEKEEKRLRSQTKEPTPKQKLKEEPDREARAGVQADEDEDGDEKDEKKHRSQPKDLAAKRRPEEKEPEKVNPQISDEKDEDEKEEKRRKTTPKEPTEKKMARAKTVMNSKTHPPKCIQCGQYLDDPDLKYGQHPPDAVDEPQMLTNEKLSIFDANESGFESYEALPQHKLTCFSVYCKHGHLCPIDTGLIEKNIELFFSGSAKPIYDDDPSLEGGVNGKNLGPINEWWITGFDGGEKALIGFSTSFAEYILMDPSPEYAPIFGLMQEKIYISKIVVEFLQSNSDSTYEDLINKIETTVPPSGLNLNRFTEDSLLRHAQFVVEQVESYDEAGDSDEQPIFLTPCMRDLIKLAGVTLGQRRAQARRQTIRHSTREKDRGPTKATTTKLVYQIFDTFFAEQIEKDDREDKENAFKRRRCGVCEVCQQPECGKCKACKDMVKFGGSGRSKQACQERRCPNMAMKEADDDEEVDDNIPEMPSPKKMHQGKKKKQNKNRISWVGEAVKTDGKKSYYKKVCIDAETLEVGDCVSVIPDDSSKPLYLARVTALWEDSSNGQMFHAHWFCAGTDTVLGATSDPLELFLVDECEDMQLSYIHSKVKVIYKAPSENWAMEGGMDPESLLEGDDGKTYFYQLWYDQDYARFESPPKTQPTEDNKFKFCVSCARLAEMRQKEIPRVLEQLEDLDSRVLYYSATKNGILYRVGDGVYLPPEAFTFNIKLSSPVKRPRKEPVDEDLYPEHYRKYSDYIKGSNLDAPEPYRIGRIKEIFCPKKSNGRPNETDIKIRVNKFYRPENTHKSTPASYHADINLLYWSDEEAVVDFKAVQGRCTVEYGEDLPECVQVYSMGGPNRFYFLEAYNAKSKSFEDPPNHARSPGNKGKGKGKGKGKPKSQACEPSEPEIEIKLPKLRTLDVFSGCGGLSEGFHQAGISDTLWAIEMWDPAAQAFRLNNPGSTVFTEDCNILLKLVMAGETTNSRGQRLPQKGDVEMLCGGPPCQGFSGMNRFNSRTYSKFKNSLVVSFLSYCDYYRPRFFLLENVRNFVSFKRSMVLKLTLRCLVRMGYQCTFGVLQAGQYGVAQTRRRAIILAAAPGEKLPLFPEPLHVFAPRACQLSVVVDDKKFVSNITRLSSGPFRTITVRDTMSDLPEVRNGASALEISYNGEPQSWFQRQLRGAQYQPILRDHICKDMSALVAARMRHIPLAPGSDWRDLPNIEVRLSDGTMARKLRYTHHDRKNGRSSSGALRGVCSCVEAGKACDPAARQFNTLIPWCLPHTGNRHNHWAGLYGRLEWDGFFSTTVTNPEPMGKQGRVLHPEQHRVVSVRECARSQGFPDTYRLFGNILDKHRQVGNAVPPPLAKAIGLEIKLCMLAKARESASAKIKEEEAAKD,QARSEARRVGMADANSPPKPLSKPRTPRRSKSDGEAKPEPSPSPRITRKSTRQTTITSHFA,iPTMnet
P26358,70,Kme,PMID:18438403,human,MPARTAPARVPTLAVPAISLPDDVRRRLKDLERDSLTEKECVKEKLNLLHEFLQTEIKNQLCDLETKLRKEELSEEGYLAKVKSLLNKDLSLENGAHAYNREVNGRLENGNQARSEARRVGMADANSPPKPLSKPRTPRRSKSDGEAKPEPSPSPRITRKSTRQTTITSHFAKGPAKRKPQEESERAKSDESIKEEDKDQDEKRRRVTSRERVARPLPAEEPERAKSGTRTEKEEERDEKEEKRLRSQTKEPTPKQKLKEEPDREARAGVQADEDEDGDEKDEKKHRSQPKDLAAKRRPEEKEPEKVNPQISDEKDEDEKEEKRRKTTPKEPTEKKMARAKTVMNSKTHPPKCIQCGQYLDDPDLKYGQHPPDAVDEPQMLTNEKLSIFDANESGFESYEALPQHKLTCFSVYCKHGHLCPIDTGLIEKNIELFFSGSAKPIYDDDPSLEGGVNGKNLGPINEWWITGFDGGEKALIGFSTSFAEYILMDPSPEYAPIFGLMQEKIYISKIVVEFLQSNSDSTYEDLINKIETTVPPSGLNLNRFTEDSLLRHAQFVVEQVESYDEAGDSDEQPIFLTPCMRDLIKLAGVTLGQRRAQARRQTIRHSTREKDRGPTKATTTKLVYQIFDTFFAEQIEKDDREDKENAFKRRRCGVCEVCQQPECGKCKACKDMVKFGGSGRSKQACQERRCPNMAMKEADDDEEVDDNIPEMPSPKKMHQGKKKKQNKNRISWVGEAVKTDGKKSYYKKVCIDAETLEVGDCVSVIPDDSSKPLYLARVTALWEDSSNGQMFHAHWFCAGTDTVLGATSDPLELFLVDECEDMQLSYIHSKVKVIYKAPSENWAMEGGMDPESLLEGDDGKTYFYQLWYDQDYARFESPPKTQPTEDNKFKFCVSCARLAEMRQKEIPRVLEQLEDLDSRVLYYSATKNGILYRVGDGVYLPPEAFTFNIKLSSPVKRPRKEPVDEDLYPEHYRKYSDYIKGSNLDAPEPYRIGRIKEIFCPKKSNGRPNETDIKIRVNKFYRPENTHKSTPASYHADINLLYWSDEEAVVDFKAVQGRCTVEYGEDLPECVQVYSMGGPNRFYFLEAYNAKSKSFEDPPNHARSPGNKGKGKGKGKGKPKSQACEPSEPEIEIKLPKLRTLDVFSGCGGLSEGFHQAGISDTLWAIEMWDPAAQAFRLNNPGSTVFTEDCNILLKLVMAGETTNSRGQRLPQKGDVEMLCGGPPCQGFSGMNRFNSRTYSKFKNSLVVSFLSYCDYYRPRFFLLENVRNFVSFKRSMVLKLTLRCLVRMGYQCTFGVLQAGQYGVAQTRRRAIILAAAPGEKLPLFPEPLHVFAPRACQLSVVVDDKKFVSNITRLSSGPFRTITVRDTMSDLPEVRNGASALEISYNGEPQSWFQRQLRGAQYQPILRDHICKDMSALVAARMRHIPLAPGSDWRDLPNIEVRLSDGTMARKLRYTHHDRKNGRSSSGALRGVCSCVEAGKACDPAARQFNTLIPWCLPHTGNRHNHWAGLYGRLEWDGFFSTTVTNPEPMGKQGRVLHPEQHRVVSVRECARSQGFPDTYRLFGNILDKHRQVGNAVPPPLAKAIGLEIKLCMLAKARESASAKIKEEEAAKD,ECVKEKLNLLHEFLQTEIKNQLCDLETKLRKEELSEEGYLAKVKSLLNKDLSLENGAHAYN,iPTMnet
P30101,61,Kme,PMID:24129315,human,MRLRRLALFPGVALLLAAARLAAASDVLELTDDNFESRISDTGSAGLMLVEFFAPWCGHCKRLAPEYEAAATRLKGIVPLAKVDCTANTNTCNKYGVSGYPTLKIFRDGEEAGAYDGPRTADGIVSHLKKQAGPASVPLRTEEEFKKFISDKDASIVGFFDDSFSEAHSEFLKAASNLRDNYRFAHTNVESLVNEYDDNGEGIILFRPSHLTNKFEDKTVAYTEQKMTSGKIKKFIQENIFGICPHMTEDNKDLIQGKDLLIAYYDVDYEKNAKGSNYWRNRVMMVAKKFLDAGHKLNFAVASRKTFSHELSDFGLESTAGEIPVVAIRTAKGEKFVMQEEFSRDGKALERFLQDYFDGNLKRYLKSEPIPESNDGPVKVVVAENFDEIVNNENKDVLIEFYAPWCGHCKNLEPKYKELGEKLSKDPNIVIAKMDATANDVPSPYEVRGFPTIYFSPANKKLNPKKYEGGRELSDFISYLQREATNPPVIQEEKPKKKKKAQEDL,TDDNFESRISDTGSAGLMLVEFFAPWCGHCKRLAPEYEAAATRLKGIVPLAKVDCTANTNT,iPTMnet
P30876,1052,Kme,PMID:24129315,human,MYDADEDMQYDEDDDEITPDLWQEACWIVISSYFDEKGLVRQQLDSFDEFIQMSVQRIVEDAPPIDLQAEAQHASGEVEEPPRYLLKFEQIYLSKPTHWERDGAPSPMMPNEARLRNLTYSAPLYVDITKTVIKEGEEQLQTQHQKTFIGKIPIMLRSTYCLLNGLTDRDLCELNECPLDPGGYFIINGSEKVLIAQEKMATNTVYVFAKKDSKYAYTGECRSCLENSSRPTSTIWVSMLARGGQGAKKSAIGQRIVATLPYIKQEVPIIIVFRALGFVSDRDILEHIIYDFEDPEMMEMVKPSLDEAFVIQEQNVALNFIGSRGAKPGVTKEKRIKYAKEVLQKEMLPHVGVSDFCETKKAYFLGYMVHRLLLAALGRRELDDRDHYGNKRLDLAGPLLAFLFRGMFKNLLKEVRIYAQKFIDRGKDFNLELAIKTRIISDGLKYSLATGNWGDQKKAHQARAGVSQVLNRLTFASTLSHLRRLNSPIGRDGKLAKPRQLHNTLWGMVCPAETPEGHAVGLVKNLALMAYISVGSQPSPILEFLEEWSMENLEEISPAAIADATKIFVNGCWVGIHKDPEQLMNTLRKLRRQMDIIVSEVSMIRDIREREIRIYTDAGRICRPLLIVEKQKLLLKKRHIDQLKEREYNNYSWQDLVASGVVEYIDTLEEETVMLAMTPDDLQEKEVAYCSTYTHCEIHPSMILGVCASIIPFPDHNQSPRNTYQSAMGKQAMGVYITNFHVRMDTLAHVLYYPQKPLVTTRSMEYLRFRELPAGINSIVAIASYTGYNQEDSVIMNRSAVDRGFFRSVFYRSYKEQESKKGFDQEEVFEKPTRETCQGMRHAIYDKLDDDGLIAPGVRVSGDDVIIGKTVTLPENEDELESTNRRYTKRDCSTFLRTSETGIVDQVMVTLNQEGYKFCKIRVRSVRIPQIGDKFASRHGQKGTCGIQYRQEDMPFTCEGITPDIIINPHAIPSRMTIGHLIECLQGKVSANKGEIGDATPFNDAVNVQKISNLLSDYGYHLRGNEVLYNGFTGRKITSQIFIGPTYYQRLKHMVDDKIHSRARGPIQILNRQPMEGRSRDGGLRFGEMERDCQIAHGAAQFLRERLFEASDPYQVHVCNLCGIMAIANTRTHTYECRGCRNKTQISLVRMPYACKLLFQELMSMSIAPRMMSV,LRGNEVLYNGFTGRKITSQIFIGPTYYQRLKHMVDDKIHSRARGPIQILNRQPMEGRSRDG,iPTMnet
P34932,773,Kme,PMID:24129315,human,MSVVGIDLGFQSCYVAVARAGGIETIANEYSDRCTPACISFGPKNRSIGAAAKSQVISNAKNTVQGFKRFHGRAFSDPFVEAEKSNLAYDIVQLPTGLTGIKVTYMEEERNFTTEQVTAMLLSKLKETAESVLKKPVVDCVVSVPCFYTDAERRSVMDATQIAGLNCLRLMNETTAVALAYGIYKQDLPALEEKPRNVVFVDMGHSAYQVSVCAFNRGKLKVLATAFDTTLGGRKFDEVLVNHFCEEFGKKYKLDIKSKIRALLRLSQECEKLKKLMSANASDLPLSIECFMNDVDVSGTMNRGKFLEMCNDLLARVEPPLRSVLEQTKLKKEDIYAVEIVGGATRIPAVKEKISKFFGKELSTTLNADEAVTRGCALQCAILSPAFKVREFSITDVVPYPISLRWNSPAEEGSSDCEVFSKNHAAPFSKVLTFYRKEPFTLEAYYSSPQDLPYPDPAIAQFSVQKVTPQSDGSSSKVKVKVRVNVHGIFSVSSASLVEVHKSEENEEPMETDQNAKEEEKMQVDQEEPHVEEQQQQTPAENKAESEEMETSQAGSKDKKMDQPPQAKKAKVKTSTVDLPIENQLLWQIDREMLNLYIENEGKMIMQDKLEKERNDAKNAVEEYVYEMRDKLSGEYEKFVSEDDRNSFTLKLEDTENWLYEDGEDQPKQVYVDKLAELKNLGQPIKIRFQESEERPKLFEELGKQIQQYMKIISSFKNKEDQYDHLDAADMTKVEKSTNEAMEWMNNKLNLQNKQSLTMDPVVKSKEIEAKIKELTSTCSPIISKPKPKVEPPKEEQKNAEQNGPVDGQGDNPGPQAAEQGTDTAVPSDSDKKLPEMDID,EWMNNKLNLQNKQSLTMDPVVKSKEIEAKIKELTSTCSPIISKPKPKVEPPKEEQKNAEQN,iPTMnet
P35398,38,Kme,PMID:23063525,human,MESAPAAPDPAASEPGSSGADAAAGSRETPLNQESARKSEPPAPVRRQSYSSTSRGISVTKKTHTSQIEIIPCKICGDKSSGIHYGVITCEGCKGFFRRSQQSNATYSCPRQKNCLIDRTSRNRCQHCRLQKCLAVGMSRDAVKFGRMSKKQRDSLYAEVQKHRMQQQQRDHQQQPGEAEPLTPTYNISANGLTELHDDLSNYIDGHTPEGSKADSAVSSFYLDIQPSPDQSGLDINGIKPEPICDYTPASGFFPYCSFTNGETSPTVSMAELEHLAQNISKSHLETCQYLREELQQITWQTFLQEEIENYQNKQREVMWQLCAIKITEAIQYVVEFAKRIDGFMELCQNDQIVLLKAGSLEVVFIRMCRAFDSQNNTVYFDGKYASPDVFKSLGCEDFISFVFEFGKSLCSMHLTEDEIALFSAFVLMSADRSWLQEKVKIEKLQQKIQLALQHVLQKNHREDGILTKLICKVSTLRALCGRHTEKLMAFKAIYPDIVRLHFPPLYKELFTSEFEPAMQIDG,PDPAASEPGSSGADAAAGSRETPLNQESARKSEPPAPVRRQSYSSTSRGISVTKKTHTSQI,iPTMnet
P38117,200,Kme,PMID:24129315,human,MAELRVLVAVKRVIDYAVKIRVKPDRTGVVTDGVKHSMNPFCEIAVEEAVRLKEKKLVKEVIAVSCGPAQCQETIRTALAMGADRGIHVEVPPAEAERLGPLQVARVLAKLAEKEKVDLVLLGKQAIDDDCNQTGQMTAGFLDWPQGTFASQVTLEGDKLKVEREIDGGLETLRLKLPAVVTADLRLNEPRYATLPNIMKAKKKKIEVIKPGDLGVDLTSKLSVISVEDPPQRTAGVKVETTEDLVAKLKEIGRI,LETLRLKLPAVVTADLRLNEPRYATLPNIMKAKKKKIEVIKPGDLGVDLTSKLSVISVEDP,iPTMnet
P42224,114,Kme,PMID:28753426,human,MSQWYELQQLDSKFLEQVHQLYDDSFPMEIRQYLAQWLEKQDWEHAANDVSFATIRFHDLLSQLDDQYSRFSLENNFLLQHNIRKSKRNLQDNFQEDPIQMSMIIYSCLKEERKILENAQRFNQAQSGNIQSTVMLDKQKELDSKVRNVKDKVMCIEHEIKSLEDLQDEYDFKCKTLQNREHETNGVAKSDQKQEQLLLKKMYLMLDNKRKEVVHKIIELLNVTELTQNALINDELVEWKRRQQSACIGGPPNACLDQLQNWFTIVAESLQQVRQQLKKLEELEQKYTYEHDPITKNKQVLWDRTFSLFQQLIQSSFVVERQPCMPTHPQRPLVLKTGVQFTVKLRLLVKLQELNYNLKVKVLFDKDVNERNTVKGFRKFNILGTHTKVMNMEESTNGSLAAEFRHLQLKEQKNAGTRTNEGPLIVTEELHSLSFETQLCQPGLVIDLETTSLPVVVISNVSQLPSGWASILWYNMLVAEPRNLSFFLTPPCARWAQLSEVLSWQFSSVTKRGLNVDQLNMLGEKLLGPNASPDGLIPWTRFCKENINDKNFPFWLWIESILELIKKHLLPLWNDGCIMGFISKERERALLKDQQPGTFLLRFSESSREGAITFTWVERSQNGGEPDFHAVEPYTKKELSAVTFPDIIRNYKVMAAENIPENPLKYLYPNIDKDHAFGKYYSRPKEAPEPMELDGPKGTGYIKTELISVSEVHPSRLQTTDNLLPMSPEEFDEVSRIVGSVEFDSMMNTV,RKSKRNLQDNFQEDPIQMSMIIYSCLKEERKILENAQRFNQAQSGNIQSTVMLDKQKELDS,iPTMnet
P42224,175,Kme,PMID:28753426,human,MSQWYELQQLDSKFLEQVHQLYDDSFPMEIRQYLAQWLEKQDWEHAANDVSFATIRFHDLLSQLDDQYSRFSLENNFLLQHNIRKSKRNLQDNFQEDPIQMSMIIYSCLKEERKILENAQRFNQAQSGNIQSTVMLDKQKELDSKVRNVKDKVMCIEHEIKSLEDLQDEYDFKCKTLQNREHETNGVAKSDQKQEQLLLKKMYLMLDNKRKEVVHKIIELLNVTELTQNALINDELVEWKRRQQSACIGGPPNACLDQLQNWFTIVAESLQQVRQQLKKLEELEQKYTYEHDPITKNKQVLWDRTFSLFQQLIQSSFVVERQPCMPTHPQRPLVLKTGVQFTVKLRLLVKLQELNYNLKVKVLFDKDVNERNTVKGFRKFNILGTHTKVMNMEESTNGSLAAEFRHLQLKEQKNAGTRTNEGPLIVTEELHSLSFETQLCQPGLVIDLETTSLPVVVISNVSQLPSGWASILWYNMLVAEPRNLSFFLTPPCARWAQLSEVLSWQFSSVTKRGLNVDQLNMLGEKLLGPNASPDGLIPWTRFCKENINDKNFPFWLWIESILELIKKHLLPLWNDGCIMGFISKERERALLKDQQPGTFLLRFSESSREGAITFTWVERSQNGGEPDFHAVEPYTKKELSAVTFPDIIRNYKVMAAENIPENPLKYLYPNIDKDHAFGKYYSRPKEAPEPMELDGPKGTGYIKTELISVSEVHPSRLQTTDNLLPMSPEEFDEVSRIVGSVEFDSMMNTV,KVRNVKDKVMCIEHEIKSLEDLQDEYDFKCKTLQNREHETNGVAKSDQKQEQLLLKKMYLM,iPTMnet
P42224,296,Kme,PMID:28753426,human,MSQWYELQQLDSKFLEQVHQLYDDSFPMEIRQYLAQWLEKQDWEHAANDVSFATIRFHDLLSQLDDQYSRFSLENNFLLQHNIRKSKRNLQDNFQEDPIQMSMIIYSCLKEERKILENAQRFNQAQSGNIQSTVMLDKQKELDSKVRNVKDKVMCIEHEIKSLEDLQDEYDFKCKTLQNREHETNGVAKSDQKQEQLLLKKMYLMLDNKRKEVVHKIIELLNVTELTQNALINDELVEWKRRQQSACIGGPPNACLDQLQNWFTIVAESLQQVRQQLKKLEELEQKYTYEHDPITKNKQVLWDRTFSLFQQLIQSSFVVERQPCMPTHPQRPLVLKTGVQFTVKLRLLVKLQELNYNLKVKVLFDKDVNERNTVKGFRKFNILGTHTKVMNMEESTNGSLAAEFRHLQLKEQKNAGTRTNEGPLIVTEELHSLSFETQLCQPGLVIDLETTSLPVVVISNVSQLPSGWASILWYNMLVAEPRNLSFFLTPPCARWAQLSEVLSWQFSSVTKRGLNVDQLNMLGEKLLGPNASPDGLIPWTRFCKENINDKNFPFWLWIESILELIKKHLLPLWNDGCIMGFISKERERALLKDQQPGTFLLRFSESSREGAITFTWVERSQNGGEPDFHAVEPYTKKELSAVTFPDIIRNYKVMAAENIPENPLKYLYPNIDKDHAFGKYYSRPKEAPEPMELDGPKGTGYIKTELISVSEVHPSRLQTTDNLLPMSPEEFDEVSRIVGSVEFDSMMNTV,VAESLQQVRQQLKKLEELEQKYTYEHDPITKNKQVLWDRTFSLFQQLIQSSFVVERQPCMP,iPTMnet
P42224,366,Kme,PMID:28753426,human,MSQWYELQQLDSKFLEQVHQLYDDSFPMEIRQYLAQWLEKQDWEHAANDVSFATIRFHDLLSQLDDQYSRFSLENNFLLQHNIRKSKRNLQDNFQEDPIQMSMIIYSCLKEERKILENAQRFNQAQSGNIQSTVMLDKQKELDSKVRNVKDKVMCIEHEIKSLEDLQDEYDFKCKTLQNREHETNGVAKSDQKQEQLLLKKMYLMLDNKRKEVVHKIIELLNVTELTQNALINDELVEWKRRQQSACIGGPPNACLDQLQNWFTIVAESLQQVRQQLKKLEELEQKYTYEHDPITKNKQVLWDRTFSLFQQLIQSSFVVERQPCMPTHPQRPLVLKTGVQFTVKLRLLVKLQELNYNLKVKVLFDKDVNERNTVKGFRKFNILGTHTKVMNMEESTNGSLAAEFRHLQLKEQKNAGTRTNEGPLIVTEELHSLSFETQLCQPGLVIDLETTSLPVVVISNVSQLPSGWASILWYNMLVAEPRNLSFFLTPPCARWAQLSEVLSWQFSSVTKRGLNVDQLNMLGEKLLGPNASPDGLIPWTRFCKENINDKNFPFWLWIESILELIKKHLLPLWNDGCIMGFISKERERALLKDQQPGTFLLRFSESSREGAITFTWVERSQNGGEPDFHAVEPYTKKELSAVTFPDIIRNYKVMAAENIPENPLKYLYPNIDKDHAFGKYYSRPKEAPEPMELDGPKGTGYIKTELISVSEVHPSRLQTTDNLLPMSPEEFDEVSRIVGSVEFDSMMNTV,KTGVQFTVKLRLLVKLQELNYNLKVKVLFDKDVNERNTVKGFRKFNILGTHTKVMNMEEST,iPTMnet
P42224,525,Kme,PMID:28753426,human,MSQWYELQQLDSKFLEQVHQLYDDSFPMEIRQYLAQWLEKQDWEHAANDVSFATIRFHDLLSQLDDQYSRFSLENNFLLQHNIRKSKRNLQDNFQEDPIQMSMIIYSCLKEERKILENAQRFNQAQSGNIQSTVMLDKQKELDSKVRNVKDKVMCIEHEIKSLEDLQDEYDFKCKTLQNREHETNGVAKSDQKQEQLLLKKMYLMLDNKRKEVVHKIIELLNVTELTQNALINDELVEWKRRQQSACIGGPPNACLDQLQNWFTIVAESLQQVRQQLKKLEELEQKYTYEHDPITKNKQVLWDRTFSLFQQLIQSSFVVERQPCMPTHPQRPLVLKTGVQFTVKLRLLVKLQELNYNLKVKVLFDKDVNERNTVKGFRKFNILGTHTKVMNMEESTNGSLAAEFRHLQLKEQKNAGTRTNEGPLIVTEELHSLSFETQLCQPGLVIDLETTSLPVVVISNVSQLPSGWASILWYNMLVAEPRNLSFFLTPPCARWAQLSEVLSWQFSSVTKRGLNVDQLNMLGEKLLGPNASPDGLIPWTRFCKENINDKNFPFWLWIESILELIKKHLLPLWNDGCIMGFISKERERALLKDQQPGTFLLRFSESSREGAITFTWVERSQNGGEPDFHAVEPYTKKELSAVTFPDIIRNYKVMAAENIPENPLKYLYPNIDKDHAFGKYYSRPKEAPEPMELDGPKGTGYIKTELISVSEVHPSRLQTTDNLLPMSPEEFDEVSRIVGSVEFDSMMNTV,WAQLSEVLSWQFSSVTKRGLNVDQLNMLGEKLLGPNASPDGLIPWTRFCKENINDKNFPFW,iPTMnet
P42224,637,Kme,PMID:28753426,human,MSQWYELQQLDSKFLEQVHQLYDDSFPMEIRQYLAQWLEKQDWEHAANDVSFATIRFHDLLSQLDDQYSRFSLENNFLLQHNIRKSKRNLQDNFQEDPIQMSMIIYSCLKEERKILENAQRFNQAQSGNIQSTVMLDKQKELDSKVRNVKDKVMCIEHEIKSLEDLQDEYDFKCKTLQNREHETNGVAKSDQKQEQLLLKKMYLMLDNKRKEVVHKIIELLNVTELTQNALINDELVEWKRRQQSACIGGPPNACLDQLQNWFTIVAESLQQVRQQLKKLEELEQKYTYEHDPITKNKQVLWDRTFSLFQQLIQSSFVVERQPCMPTHPQRPLVLKTGVQFTVKLRLLVKLQELNYNLKVKVLFDKDVNERNTVKGFRKFNILGTHTKVMNMEESTNGSLAAEFRHLQLKEQKNAGTRTNEGPLIVTEELHSLSFETQLCQPGLVIDLETTSLPVVVISNVSQLPSGWASILWYNMLVAEPRNLSFFLTPPCARWAQLSEVLSWQFSSVTKRGLNVDQLNMLGEKLLGPNASPDGLIPWTRFCKENINDKNFPFWLWIESILELIKKHLLPLWNDGCIMGFISKERERALLKDQQPGTFLLRFSESSREGAITFTWVERSQNGGEPDFHAVEPYTKKELSAVTFPDIIRNYKVMAAENIPENPLKYLYPNIDKDHAFGKYYSRPKEAPEPMELDGPKGTGYIKTELISVSEVHPSRLQTTDNLLPMSPEEFDEVSRIVGSVEFDSMMNTV,SREGAITFTWVERSQNGGEPDFHAVEPYTKKELSAVTFPDIIRNYKVMAAENIPENPLKYL,iPTMnet
P42224,665,Kme,PMID:28753426,human,MSQWYELQQLDSKFLEQVHQLYDDSFPMEIRQYLAQWLEKQDWEHAANDVSFATIRFHDLLSQLDDQYSRFSLENNFLLQHNIRKSKRNLQDNFQEDPIQMSMIIYSCLKEERKILENAQRFNQAQSGNIQSTVMLDKQKELDSKVRNVKDKVMCIEHEIKSLEDLQDEYDFKCKTLQNREHETNGVAKSDQKQEQLLLKKMYLMLDNKRKEVVHKIIELLNVTELTQNALINDELVEWKRRQQSACIGGPPNACLDQLQNWFTIVAESLQQVRQQLKKLEELEQKYTYEHDPITKNKQVLWDRTFSLFQQLIQSSFVVERQPCMPTHPQRPLVLKTGVQFTVKLRLLVKLQELNYNLKVKVLFDKDVNERNTVKGFRKFNILGTHTKVMNMEESTNGSLAAEFRHLQLKEQKNAGTRTNEGPLIVTEELHSLSFETQLCQPGLVIDLETTSLPVVVISNVSQLPSGWASILWYNMLVAEPRNLSFFLTPPCARWAQLSEVLSWQFSSVTKRGLNVDQLNMLGEKLLGPNASPDGLIPWTRFCKENINDKNFPFWLWIESILELIKKHLLPLWNDGCIMGFISKERERALLKDQQPGTFLLRFSESSREGAITFTWVERSQNGGEPDFHAVEPYTKKELSAVTFPDIIRNYKVMAAENIPENPLKYLYPNIDKDHAFGKYYSRPKEAPEPMELDGPKGTGYIKTELISVSEVHPSRLQTTDNLLPMSPEEFDEVSRIVGSVEFDSMMNTV,TKKELSAVTFPDIIRNYKVMAAENIPENPLKYLYPNIDKDHAFGKYYSRPKEAPEPMELDG,iPTMnet
P47914,5,Kme,PMID:12962325,human,MAKSKNHTTHNQSRKWHRNGIKKPRSQRYESLKGVDPKFLRNMRFAKKHNKKGLKKMQANNAKAMSARAEAIKALVKPKEVKPKIPKGVSRKLDRLAYIAHPKLGKRARARIAKGLRLCRPKAKAKAKAKDQTKAQAAAPASVPAQAPKRTQAPTKASE,__________________________MAKSKNHTTHNQSRKWHRNGIKKPRSQRYESLKGV,iPTMnet
P47914,5,Kme,PMID:24129315,human,MAKSKNHTTHNQSRKWHRNGIKKPRSQRYESLKGVDPKFLRNMRFAKKHNKKGLKKMQANNAKAMSARAEAIKALVKPKEVKPKIPKGVSRKLDRLAYIAHPKLGKRARARIAKGLRLCRPKAKAKAKAKDQTKAQAAAPASVPAQAPKRTQAPTKASE,__________________________MAKSKNHTTHNQSRKWHRNGIKKPRSQRYESLKGV,iPTMnet
P49750,735,Kme,PMID:24129315,human,MYPNWGRYGGSSHYPPPPVPPPPPVALPEASPGPGYSSSTTPAAPSSSGFMSFREQHLAQLQQLQQMHQKQMQCVLQPHHLPPPPLPPPPVMPGGGYGDWQPPPPPMPPPPGPALSYQKQQQYKHQMLHHQRDGPPGLVPMELESPPESPPVPPGSYMPPSQSYMPPPQPPPSYYPPTSSQPYLPPAQPSPSQSPPSQSYLAPTPSYSSSSSSSQSYLSHSQSYLPSSQASPSRPSQGHSKSQLLAPPPPSAPPGNKTTVQQEPLESGAKNKSTEQQQAAPEPDPSTMTPQEQQQYWYRQHLLSLQQRTKVHLPGHKKGPVVAKDTPEPVKEEVTVPATSQVPESPSSEEPPLPPPNEEVPPPLPPEEPQSEDPEEDARLKQLQAAAAHWQQHQQHRVGFQYQGIMQKHTQLQQILQQYQQIIQPPPHIQTMSVDMQLRHYEMQQQQFQHLYQEWEREFQLWEEQLHSYPHKDQLQEYEKQWKTWQGHMKATQSYLQEKVNSFQNMKNQYMGNMSMPPPFVPYSQMPPPLPTMPPPVLPPSLPPPVMPPALPATVPPPGMPPPVMPPSLPTSVPPPGMPPSLSSAGPPPVLPPPSLSSAGPPPVLPPPSLSSTAPPPVMPLPPLSSATPPPGIPPPGVPQGIPPQLTAAPVPPASSSQSSQVPEKPRPALLPTPVSFGSAPPTTYHPPLQSAGPSEQVNSKAPLSKSALPYSSFSSDQGLGESSAAPSQPITAVKDMPVRSGGLLPDPPRSSYLESPRGPRFDGPRRFEDLGSRCEGPRPKGPRFEGNRPDGPRPRYEGHPAEGTKSKWGMIPRGPASQFYITPSTSLSPRQSGPQWKGPKPAFGQQHQQQPKSQAEPLSGNKEPLADTSSNQQKNFKMQSAAFSIAADVKDVKAAQSNENLSDSQQEPPKSEVSEGPVEPSNWDQNVQSMETQIDKAQAVTQPVPLANKPVPAQSTFPSKTGGMEGGTAVATSSLTADNDFKPVGIGLPHSENNQDKGLPRPDNRDNRLEGNRGNSSSYRGPGQSRMEDTRDKGLVNRGRGQAISRGPGLVKQEDFRDKMMGRREDSREKMNRGEGSRDRGLVRPGSSREKVPGGLQGSQDRGAAGSRERGPPRRAGSQERGPLRRAGSRERIPPRRAGSRERGPPRGPGSRERGLGRSDFGRDRGPFRPEPGDGGEKMYPYHRDEPPRAPWNHGEERGHEEFPLDGRNAPMERERLDDWDRERYWRECERDYQDDTLELYNREDRFSAPPSRSHDGDRRGPWWDDWERDQDMDEDYNREMERDMDRDVDRISRPMDMYDRSLDNEWDRDYGRPLDEQESQFRERDIPSLPPLPPLPPLPPLDRYRDDRWREERNREHGYDRDFRDRGELRIREYPERGDTWREKRDYVPDRMDWERERLSDRWYPSDVDRHSPMAEHMPSSHHSSEMMGSDASLDSDQGLGGVMVLSQRQHEIILKAAQELKMLREQKEQLQKMKDFGSEPQMADHLPPQESRLQNTSSRPGMYPPPGSYRPPPPMGKPPGSIVRPSAPPARSSVPVTRPPVPIPPPPPPPPLPPPPPVIKPQTSAVEQERWDEDSFYGLWDTNDEQGLNSEFKSETAAIPSAPVLPPPPVHSSIPPPGPVPMGMPPMSKPPPVQQTVDYGHGRDISTNKVEQIPYGERITLRPDPLPERSTFETEHAGQRDRYDRERDREPYFDRQSNVIADHRDFKRDRETHRDRDRDRGVIDYDRDRFDRERRPRDDRAQSYRDKKDHSSSRRGGFDRPSYDRKSDRPVYEGPSMFGGERRTYPEERMPLPAPSLSHQPPPAPRVEKKPESKNVDDILKPPGRESRPERIVVIMRGLPGSGKTHVAKLIRDKEVEFGGPAPRVLSLDDYFITEVEKEEKDPDSGKKVKKKVMEYEYEAEMEETYRTSMFKTFKKTLDDGFFPFIILDAINDRVRHFDQFWSAAKTKGFEVYLAEMSADNQTCGKRNIHGRKLKEINKMADHWETAPRHMMRLDIRSLLQDAAIEEVEMEDFDANIEEQKEEKKDAEEEESELGYIPKSKWEMDTSEAKLDKLDGLRTGTKRKRDWEAIASRMEDYLQLPDDYDTRASEPGKKRVRWADLEEKKDADRKRAIGFVVGQTDWEKITDESGHLAEKALNRTKYI,SKSALPYSSFSSDQGLGESSAAPSQPITAVKDMPVRSGGLLPDPPRSSYLESPRGPRFDGP,iPTMnet
P51957,622,Kme,PMID:24129315,human,MPLAAYCYLRVVGKGSYGEVTLVKHRRDGKQYVIKKLNLRNASSRERRAAEQEAQLLSQLKHPNIVTYKESWEGGDGLLYIVMGFCEGGDLYRKLKEQKGQLLPENQVVEWFVQIAMALQYLHEKHILHRDLKTQNVFLTRTNIIKVGDLGIARVLENHCDMASTLIGTPYYMSPELFSNKPYNYKSDVWALGCCVYEMATLKHAFNAKDMNSLVYRIIEGKLPPMPRDYSPELAELIRTMLSKRPEERPSVRSILRQPYIKRQISFFLEATKIKTSKNNIKNGDSQSKPFATVVSGEAESNHEVIHPQPLSSEGSQTYIMGEGKCLSQEKPRASGLLKSPASLKAHTCKQDLSNTTELATISSVNIDILPAKGRDSVSDGFVQENQPRYLDASNELGGICSISQVEEEMLQDNTKSSAQPENLIPMWSSDIVTGEKNEPVKPLQPLIKEQKPKDQSLALSPKLECSGTILAHSNLRLLGSSDSPASASRVAGITGVCHHAQDQVAGECIIEKQGRIHPDLQPHNSGSEPSLSRQRRQKRREQTEHRGEKRQVRRDLFAFQESPPRFLPSHPIVGKVDVTSTQKEAENQRRVVTGSVSSSRSSEMSSSKDRPLSARERRRLKQSQEEMSSSGPSVRKASLSVAGPGKPQEEDQPLPARRLSSDCSVTQERKQIHCLSEDELSSSTSSTDKSDGDYGEGKGQTNEINALVQLMTQTLKLDSKESCEDVPVANPVSEFKLHRKYRDTLILHGKVAEEAEEIHFKELPSAIMPGSEKIRRLVEVLRTDVIRGLGVQLLEQVYDLLEEEDEFDREVRLREHMGEKYTTYSVKARQLKFFEENMNF,VVTGSVSSSRSSEMSSSKDRPLSARERRRLKQSQEEMSSSGPSVRKASLSVAGPGKPQEED,iPTMnet
P57053,109,Kme,PMID:16627869,human,MPEPAKSAPAPKKGSKKAVTKAQKKDGRKRKRSRKESYSVYVYKVLKQVHPDTGISSKAMGIMNSFVNDIFERIAGEASRLPHYNKRSTITSREIQTAVRLLLPGELAKHAVSEGTKAVTKYTSAK,SRLPHYNKRSTITSREIQTAVRLLLPGELAKHAVSEGTKAVTKYTSAK_____________,iPTMnet
P57053,47,Kme,PMID:16627869,human,MPEPAKSAPAPKKGSKKAVTKAQKKDGRKRKRSRKESYSVYVYKVLKQVHPDTGISSKAMGIMNSFVNDIFERIAGEASRLPHYNKRSTITSREIQTAVRLLLPGELAKHAVSEGTKAVTKYTSAK,KAVTKAQKKDGRKRKRSRKESYSVYVYKVLKQVHPDTGISSKAMGIMNSFVNDIFERIAGE,iPTMnet
P57053,58,Kme,PMID:16627869,human,MPEPAKSAPAPKKGSKKAVTKAQKKDGRKRKRSRKESYSVYVYKVLKQVHPDTGISSKAMGIMNSFVNDIFERIAGEASRLPHYNKRSTITSREIQTAVRLLLPGELAKHAVSEGTKAVTKYTSAK,RKRKRSRKESYSVYVYKVLKQVHPDTGISSKAMGIMNSFVNDIFERIAGEASRLPHYNKRS,iPTMnet
P58876,109,Kme,PMID:16627869,human,MPEPTKSAPAPKKGSKKAVTKAQKKDGKKRKRSRKESYSVYVYKVLKQVHPDTGISSKAMGIMNSFVNDIFERIAGEASRLAHYNKRSTITSREIQTAVRLLLPGELAKHAVSEGTKAVTKYTSSK,SRLAHYNKRSTITSREIQTAVRLLLPGELAKHAVSEGTKAVTKYTSSK_____________,iPTMnet
P58876,47,Kme,PMID:16627869,human,MPEPTKSAPAPKKGSKKAVTKAQKKDGKKRKRSRKESYSVYVYKVLKQVHPDTGISSKAMGIMNSFVNDIFERIAGEASRLAHYNKRSTITSREIQTAVRLLLPGELAKHAVSEGTKAVTKYTSSK,KAVTKAQKKDGKKRKRSRKESYSVYVYKVLKQVHPDTGISSKAMGIMNSFVNDIFERIAGE,iPTMnet
P58876,58,Kme,PMID:16627869,human,MPEPTKSAPAPKKGSKKAVTKAQKKDGKKRKRSRKESYSVYVYKVLKQVHPDTGISSKAMGIMNSFVNDIFERIAGEASRLAHYNKRSTITSREIQTAVRLLLPGELAKHAVSEGTKAVTKYTSSK,KKRKRSRKESYSVYVYKVLKQVHPDTGISSKAMGIMNSFVNDIFERIAGEASRLAHYNKRS,iPTMnet
P60174,231,Kme,PMID:24129315,human,MAEDGEEAEFHFAALYISGQWPRLRADTDLQRLGSSAMAPSRKFFVGGNWKMNGRKQSLGELIGTLNAAKVPADTEVVCAPPTAYIDFARQKLDPKIAVAAQNCYKVTNGAFTGEISPGMIKDCGATWVVLGHSERRHVFGESDELIGQKVAHALAEGLGVIACIGEKLDEREAGITEKVVFEQTKVIADNVKDWSKVVLAYEPVWAIGTGKTATPQQAQEVHEKLRGWLKSNVSDAVAQSTRIIYGGSVTGATCKELASQPDVDGFLVGGASLKPEFVDIINAKQ,AYEPVWAIGTGKTATPQQAQEVHEKLRGWLKSNVSDAVAQSTRIIYGGSVTGATCKELASQ,iPTMnet
P60709,84,Kme,PMID:23673617,human,MDDDIAALVVDNGSGMCKAGFAGDDAPRAVFPSIVGRPRHQGVMVGMGQKDSYVGDEAQSKRGILTLKYPIEHGIVTNWDDMEKIWHHTFYNELRVAPEEHPVLLTEAPLNPKANREKMTQIMFETFNTPAMYVAIQAVLSLYASGRTTGIVMDSGDGVTHTVPIYEGYALPHAILRLDLAGRDLTDYLMKILTERGYSFTTTAEREIVRDIKEKLCYVALDFEQEMATAASSSSLEKSYELPDGQVITIGNERFRCPEALFQPSFLGMESCGIHETTFNSIMKCDVDIRKDLYANTVLSGGTTMYPGIADRMQKEITALAPSTMKIKIIAPPERKYSVWIGGSILASLSTFQQMWISKQEYDESGPSIVHRKCF,VGDEAQSKRGILTLKYPIEHGIVTNWDDMEKIWHHTFYNELRVAPEEHPVLLTEAPLNPKA,iPTMnet
P62805,21,Kme,PMID:12086618,human,MSGRGKGGKGLGKGGAKRHRKVLRDNIQGITKPAIRRLARRGGVKRISGLIYEETRGVLKVFLENVIRDAVTYTEHAKRKTVTAMDVVYALKRQGRTLYGFGG,__________MSGRGKGGKGLGKGGAKRHRKVLRDNIQGITKPAIRRLARRGGVKRISGLI,iPTMnet
P62805,21,Kme,PMID:15964846,human,MSGRGKGGKGLGKGGAKRHRKVLRDNIQGITKPAIRRLARRGGVKRISGLIYEETRGVLKVFLENVIRDAVTYTEHAKRKTVTAMDVVYALKRQGRTLYGFGG,__________MSGRGKGGKGLGKGGAKRHRKVLRDNIQGITKPAIRRLARRGGVKRISGLI,iPTMnet
P62805,21,Kme,PMID:17967882,human,MSGRGKGGKGLGKGGAKRHRKVLRDNIQGITKPAIRRLARRGGVKRISGLIYEETRGVLKVFLENVIRDAVTYTEHAKRKTVTAMDVVYALKRQGRTLYGFGG,__________MSGRGKGGKGLGKGGAKRHRKVLRDNIQGITKPAIRRLARRGGVKRISGLI,iPTMnet
P62807,109,Kme,PMID:16627869,human,MPEPAKSAPAPKKGSKKAVTKAQKKDGKKRKRSRKESYSVYVYKVLKQVHPDTGISSKAMGIMNSFVNDIFERIAGEASRLAHYNKRSTITSREIQTAVRLLLPGELAKHAVSEGTKAVTKYTSSK,SRLAHYNKRSTITSREIQTAVRLLLPGELAKHAVSEGTKAVTKYTSSK_____________,iPTMnet
P62807,47,Kme,PMID:16627869,human,MPEPAKSAPAPKKGSKKAVTKAQKKDGKKRKRSRKESYSVYVYKVLKQVHPDTGISSKAMGIMNSFVNDIFERIAGEASRLAHYNKRSTITSREIQTAVRLLLPGELAKHAVSEGTKAVTKYTSSK,KAVTKAQKKDGKKRKRSRKESYSVYVYKVLKQVHPDTGISSKAMGIMNSFVNDIFERIAGE,iPTMnet
P62807,58,Kme,PMID:16627869,human,MPEPAKSAPAPKKGSKKAVTKAQKKDGKKRKRSRKESYSVYVYKVLKQVHPDTGISSKAMGIMNSFVNDIFERIAGEASRLAHYNKRSTITSREIQTAVRLLLPGELAKHAVSEGTKAVTKYTSSK,KKRKRSRKESYSVYVYKVLKQVHPDTGISSKAMGIMNSFVNDIFERIAGEASRLAHYNKRS,iPTMnet
P63261,84,Kme,PMID:23673617,human,MEEEIAALVIDNGSGMCKAGFAGDDAPRAVFPSIVGRPRHQGVMVGMGQKDSYVGDEAQSKRGILTLKYPIEHGIVTNWDDMEKIWHHTFYNELRVAPEEHPVLLTEAPLNPKANREKMTQIMFETFNTPAMYVAIQAVLSLYASGRTTGIVMDSGDGVTHTVPIYEGYALPHAILRLDLAGRDLTDYLMKILTERGYSFTTTAEREIVRDIKEKLCYVALDFEQEMATAASSSSLEKSYELPDGQVITIGNERFRCPEALFQPSFLGMESCGIHETTFNSIMKCDVDIRKDLYANTVLSGGTTMYPGIADRMQKEITALAPSTMKIKIIAPPERKYSVWIGGSILASLSTFQQMWISKQEYDESGPSIVHRKCF,VGDEAQSKRGILTLKYPIEHGIVTNWDDMEKIWHHTFYNELRVAPEEHPVLLTEAPLNPKA,iPTMnet
P68032,86,Kme,PMID:23673617,human,MCDDEETTALVCDNGSGLVKAGFAGDDAPRAVFPSIVGRPRHQGVMVGMGQKDSYVGDEAQSKRGILTLKYPIEHGIITNWDDMEKIWHHTFYNELRVAPEEHPTLLTEAPLNPKANREKMTQIMFETFNVPAMYVAIQAVLSLYASGRTTGIVLDSGDGVTHNVPIYEGYALPHAIMRLDLAGRDLTDYLMKILTERGYSFVTTAEREIVRDIKEKLCYVALDFENEMATAASSSSLEKSYELPDGQVITIGNERFRCPETLFQPSFIGMESAGIHETTYNSIMKCDIDIRKDLYANNVLSGGTTMYPGIADRMQKEITALAPSTMKIKIIAPPERKYSVWIGGSILASLSTFQQMWISKQEYDEAGPSIVHRKCF,VGDEAQSKRGILTLKYPIEHGIITNWDDMEKIWHHTFYNELRVAPEEHPTLLTEAPLNPKA,iPTMnet
P68104,165,Kme,PMID:28108655,human,MGKEKTHINIVVIGHVDSGKSTTTGHLIYKCGGIDKRTIEKFEKEAAEMGKGSFKYAWVLDKLKAERERGITIDISLWKFETSKYYVTIIDAPGHRDFIKNMITGTSQADCAVLIVAAGVGEFEAGISKNGQTREHALLAYTLGVKQLIVGVNKMDSTEPPYSQKRYEEIVKEVSTYIKKIGYNPDTVAFVPISGWNGDNMLEPSANMPWFKGWKVTRKDGNASGTTLLEALDCILPPTRPTDKPLRLPLQDVYKIGGIGTVPVGRVETGVLKPGMVVTFAPVNVTTEVKSVEMHHEALSEALPGDNVGFNVKNVSVKDVRRGNVAGDSKNDPPMEAAGFTAQVIILNHPGQISAGYAPVLDCHTAHIACKFAELKEKIDRRSGKKLEDGPKFLKSGDAAIVDMVPGKPMCVESFSDYPPLGRFAVRDMRQTVAVGVIKAVDKKAAGAGKVTKSAQKAQKAK,EHALLAYTLGVKQLIVGVNKMDSTEPPYSQKRYEEIVKEVSTYIKKIGYNPDTVAFVPISG,iPTMnet
P68104,36,Kme,PMID:28520920,human,MGKEKTHINIVVIGHVDSGKSTTTGHLIYKCGGIDKRTIEKFEKEAAEMGKGSFKYAWVLDKLKAERERGITIDISLWKFETSKYYVTIIDAPGHRDFIKNMITGTSQADCAVLIVAAGVGEFEAGISKNGQTREHALLAYTLGVKQLIVGVNKMDSTEPPYSQKRYEEIVKEVSTYIKKIGYNPDTVAFVPISGWNGDNMLEPSANMPWFKGWKVTRKDGNASGTTLLEALDCILPPTRPTDKPLRLPLQDVYKIGGIGTVPVGRVETGVLKPGMVVTFAPVNVTTEVKSVEMHHEALSEALPGDNVGFNVKNVSVKDVRRGNVAGDSKNDPPMEAAGFTAQVIILNHPGQISAGYAPVLDCHTAHIACKFAELKEKIDRRSGKKLEDGPKFLKSGDAAIVDMVPGKPMCVESFSDYPPLGRFAVRDMRQTVAVGVIKAVDKKAAGAGKVTKSAQKAQKAK,THINIVVIGHVDSGKSTTTGHLIYKCGGIDKRTIEKFEKEAAEMGKGSFKYAWVLDKLKAE,iPTMnet
P68104,55,Kme,PMID:30143613,human,MGKEKTHINIVVIGHVDSGKSTTTGHLIYKCGGIDKRTIEKFEKEAAEMGKGSFKYAWVLDKLKAERERGITIDISLWKFETSKYYVTIIDAPGHRDFIKNMITGTSQADCAVLIVAAGVGEFEAGISKNGQTREHALLAYTLGVKQLIVGVNKMDSTEPPYSQKRYEEIVKEVSTYIKKIGYNPDTVAFVPISGWNGDNMLEPSANMPWFKGWKVTRKDGNASGTTLLEALDCILPPTRPTDKPLRLPLQDVYKIGGIGTVPVGRVETGVLKPGMVVTFAPVNVTTEVKSVEMHHEALSEALPGDNVGFNVKNVSVKDVRRGNVAGDSKNDPPMEAAGFTAQVIILNHPGQISAGYAPVLDCHTAHIACKFAELKEKIDRRSGKKLEDGPKFLKSGDAAIVDMVPGKPMCVESFSDYPPLGRFAVRDMRQTVAVGVIKAVDKKAAGAGKVTKSAQKAQKAK,GHLIYKCGGIDKRTIEKFEKEAAEMGKGSFKYAWVLDKLKAERERGITIDISLWKFETSKY,iPTMnet
P68104,55,Kme,PMID:30612740,human,MGKEKTHINIVVIGHVDSGKSTTTGHLIYKCGGIDKRTIEKFEKEAAEMGKGSFKYAWVLDKLKAERERGITIDISLWKFETSKYYVTIIDAPGHRDFIKNMITGTSQADCAVLIVAAGVGEFEAGISKNGQTREHALLAYTLGVKQLIVGVNKMDSTEPPYSQKRYEEIVKEVSTYIKKIGYNPDTVAFVPISGWNGDNMLEPSANMPWFKGWKVTRKDGNASGTTLLEALDCILPPTRPTDKPLRLPLQDVYKIGGIGTVPVGRVETGVLKPGMVVTFAPVNVTTEVKSVEMHHEALSEALPGDNVGFNVKNVSVKDVRRGNVAGDSKNDPPMEAAGFTAQVIILNHPGQISAGYAPVLDCHTAHIACKFAELKEKIDRRSGKKLEDGPKFLKSGDAAIVDMVPGKPMCVESFSDYPPLGRFAVRDMRQTVAVGVIKAVDKKAAGAGKVTKSAQKAQKAK,GHLIYKCGGIDKRTIEKFEKEAAEMGKGSFKYAWVLDKLKAERERGITIDISLWKFETSKY,iPTMnet
P68133,86,Kme,PMID:23673617,human,MCDEDETTALVCDNGSGLVKAGFAGDDAPRAVFPSIVGRPRHQGVMVGMGQKDSYVGDEAQSKRGILTLKYPIEHGIITNWDDMEKIWHHTFYNELRVAPEEHPTLLTEAPLNPKANREKMTQIMFETFNVPAMYVAIQAVLSLYASGRTTGIVLDSGDGVTHNVPIYEGYALPHAIMRLDLAGRDLTDYLMKILTERGYSFVTTAEREIVRDIKEKLCYVALDFENEMATAASSSSLEKSYELPDGQVITIGNERFRCPETLFQPSFIGMESAGIHETTYNSIMKCDIDIRKDLYANNVMSGGTTMYPGIADRMQKEITALAPSTMKIKIIAPPERKYSVWIGGSILASLSTFQQMWITKQEYDEAGPSIVHRKCF,VGDEAQSKRGILTLKYPIEHGIITNWDDMEKIWHHTFYNELRVAPEEHPTLLTEAPLNPKA,iPTMnet
P68431,10,Kme,PMID:11242053,human,MARTKQTARKSTGGKAPRKQLATKAARKSAPATGGVKKPHRYRPGTVALREIRRYQKSTELLIRKLPFQRLVREIAQDFKTDLRFQSSAVMALQEACEAYLVGLFEDTNLCAIHAKRVTIMPKDIQLARRIRGERA,_____________________MARTKQTARKSTGGKAPRKQLATKAARKSAPATGGVKKPH,iPTMnet
P68431,10,Kme,PMID:16185088,human,MARTKQTARKSTGGKAPRKQLATKAARKSAPATGGVKKPHRYRPGTVALREIRRYQKSTELLIRKLPFQRLVREIAQDFKTDLRFQSSAVMALQEACEAYLVGLFEDTNLCAIHAKRVTIMPKDIQLARRIRGERA,_____________________MARTKQTARKSTGGKAPRKQLATKAARKSAPATGGVKKPH,iPTMnet
P68431,10,Kme,PMID:16267050,human,MARTKQTARKSTGGKAPRKQLATKAARKSAPATGGVKKPHRYRPGTVALREIRRYQKSTELLIRKLPFQRLVREIAQDFKTDLRFQSSAVMALQEACEAYLVGLFEDTNLCAIHAKRVTIMPKDIQLARRIRGERA,_____________________MARTKQTARKSTGGKAPRKQLATKAARKSAPATGGVKKPH,iPTMnet
P68431,10,Kme,PMID:16457588,human,MARTKQTARKSTGGKAPRKQLATKAARKSAPATGGVKKPHRYRPGTVALREIRRYQKSTELLIRKLPFQRLVREIAQDFKTDLRFQSSAVMALQEACEAYLVGLFEDTNLCAIHAKRVTIMPKDIQLARRIRGERA,_____________________MARTKQTARKSTGGKAPRKQLATKAARKSAPATGGVKKPH,iPTMnet
P68431,10,Kme,PMID:17194708,human,MARTKQTARKSTGGKAPRKQLATKAARKSAPATGGVKKPHRYRPGTVALREIRRYQKSTELLIRKLPFQRLVREIAQDFKTDLRFQSSAVMALQEACEAYLVGLFEDTNLCAIHAKRVTIMPKDIQLARRIRGERA,_____________________MARTKQTARKSTGGKAPRKQLATKAARKSAPATGGVKKPH,iPTMnet
P68431,123,Kme,PMID:16267050,human,MARTKQTARKSTGGKAPRKQLATKAARKSAPATGGVKKPHRYRPGTVALREIRRYQKSTELLIRKLPFQRLVREIAQDFKTDLRFQSSAVMALQEACEAYLVGLFEDTNLCAIHAKRVTIMPKDIQLARRIRGERA,LQEACEAYLVGLFEDTNLCAIHAKRVTIMPKDIQLARRIRGERA_________________,iPTMnet
P68431,123,Kme,PMID:17194708,human,MARTKQTARKSTGGKAPRKQLATKAARKSAPATGGVKKPHRYRPGTVALREIRRYQKSTELLIRKLPFQRLVREIAQDFKTDLRFQSSAVMALQEACEAYLVGLFEDTNLCAIHAKRVTIMPKDIQLARRIRGERA,LQEACEAYLVGLFEDTNLCAIHAKRVTIMPKDIQLARRIRGERA_________________,iPTMnet
P68431,19,Kme,PMID:16267050,human,MARTKQTARKSTGGKAPRKQLATKAARKSAPATGGVKKPHRYRPGTVALREIRRYQKSTELLIRKLPFQRLVREIAQDFKTDLRFQSSAVMALQEACEAYLVGLFEDTNLCAIHAKRVTIMPKDIQLARRIRGERA,____________MARTKQTARKSTGGKAPRKQLATKAARKSAPATGGVKKPHRYRPGTVAL,iPTMnet
P68431,19,Kme,PMID:17194708,human,MARTKQTARKSTGGKAPRKQLATKAARKSAPATGGVKKPHRYRPGTVALREIRRYQKSTELLIRKLPFQRLVREIAQDFKTDLRFQSSAVMALQEACEAYLVGLFEDTNLCAIHAKRVTIMPKDIQLARRIRGERA,____________MARTKQTARKSTGGKAPRKQLATKAARKSAPATGGVKKPHRYRPGTVAL,iPTMnet
P68431,24,Kme,PMID:17194708,human,MARTKQTARKSTGGKAPRKQLATKAARKSAPATGGVKKPHRYRPGTVALREIRRYQKSTELLIRKLPFQRLVREIAQDFKTDLRFQSSAVMALQEACEAYLVGLFEDTNLCAIHAKRVTIMPKDIQLARRIRGERA,_______MARTKQTARKSTGGKAPRKQLATKAARKSAPATGGVKKPHRYRPGTVALREIRR,iPTMnet
P68431,28,Kme,PMID:16185088,human,MARTKQTARKSTGGKAPRKQLATKAARKSAPATGGVKKPHRYRPGTVALREIRRYQKSTELLIRKLPFQRLVREIAQDFKTDLRFQSSAVMALQEACEAYLVGLFEDTNLCAIHAKRVTIMPKDIQLARRIRGERA,___MARTKQTARKSTGGKAPRKQLATKAARKSAPATGGVKKPHRYRPGTVALREIRRYQKS,iPTMnet
P68431,28,Kme,PMID:16267050,human,MARTKQTARKSTGGKAPRKQLATKAARKSAPATGGVKKPHRYRPGTVALREIRRYQKSTELLIRKLPFQRLVREIAQDFKTDLRFQSSAVMALQEACEAYLVGLFEDTNLCAIHAKRVTIMPKDIQLARRIRGERA,___MARTKQTARKSTGGKAPRKQLATKAARKSAPATGGVKKPHRYRPGTVALREIRRYQKS,iPTMnet
P68431,28,Kme,PMID:16627869,human,MARTKQTARKSTGGKAPRKQLATKAARKSAPATGGVKKPHRYRPGTVALREIRRYQKSTELLIRKLPFQRLVREIAQDFKTDLRFQSSAVMALQEACEAYLVGLFEDTNLCAIHAKRVTIMPKDIQLARRIRGERA,___MARTKQTARKSTGGKAPRKQLATKAARKSAPATGGVKKPHRYRPGTVALREIRRYQKS,iPTMnet
P68431,28,Kme,PMID:17194708,human,MARTKQTARKSTGGKAPRKQLATKAARKSAPATGGVKKPHRYRPGTVALREIRRYQKSTELLIRKLPFQRLVREIAQDFKTDLRFQSSAVMALQEACEAYLVGLFEDTNLCAIHAKRVTIMPKDIQLARRIRGERA,___MARTKQTARKSTGGKAPRKQLATKAARKSAPATGGVKKPHRYRPGTVALREIRRYQKS,iPTMnet
P68431,37,Kme,PMID:15983376,human,MARTKQTARKSTGGKAPRKQLATKAARKSAPATGGVKKPHRYRPGTVALREIRRYQKSTELLIRKLPFQRLVREIAQDFKTDLRFQSSAVMALQEACEAYLVGLFEDTNLCAIHAKRVTIMPKDIQLARRIRGERA,TARKSTGGKAPRKQLATKAARKSAPATGGVKKPHRYRPGTVALREIRRYQKSTELLIRKLP,iPTMnet
P68431,37,Kme,PMID:16185088,human,MARTKQTARKSTGGKAPRKQLATKAARKSAPATGGVKKPHRYRPGTVALREIRRYQKSTELLIRKLPFQRLVREIAQDFKTDLRFQSSAVMALQEACEAYLVGLFEDTNLCAIHAKRVTIMPKDIQLARRIRGERA,TARKSTGGKAPRKQLATKAARKSAPATGGVKKPHRYRPGTVALREIRRYQKSTELLIRKLP,iPTMnet
P68431,37,Kme,PMID:16267050,human,MARTKQTARKSTGGKAPRKQLATKAARKSAPATGGVKKPHRYRPGTVALREIRRYQKSTELLIRKLPFQRLVREIAQDFKTDLRFQSSAVMALQEACEAYLVGLFEDTNLCAIHAKRVTIMPKDIQLARRIRGERA,TARKSTGGKAPRKQLATKAARKSAPATGGVKKPHRYRPGTVALREIRRYQKSTELLIRKLP,iPTMnet
P68431,37,Kme,PMID:16627869,human,MARTKQTARKSTGGKAPRKQLATKAARKSAPATGGVKKPHRYRPGTVALREIRRYQKSTELLIRKLPFQRLVREIAQDFKTDLRFQSSAVMALQEACEAYLVGLFEDTNLCAIHAKRVTIMPKDIQLARRIRGERA,TARKSTGGKAPRKQLATKAARKSAPATGGVKKPHRYRPGTVALREIRRYQKSTELLIRKLP,iPTMnet
P68431,37,Kme,PMID:17194708,human,MARTKQTARKSTGGKAPRKQLATKAARKSAPATGGVKKPHRYRPGTVALREIRRYQKSTELLIRKLPFQRLVREIAQDFKTDLRFQSSAVMALQEACEAYLVGLFEDTNLCAIHAKRVTIMPKDIQLARRIRGERA,TARKSTGGKAPRKQLATKAARKSAPATGGVKKPHRYRPGTVALREIRRYQKSTELLIRKLP,iPTMnet
P68431,38,Kme,PMID:15983376,human,MARTKQTARKSTGGKAPRKQLATKAARKSAPATGGVKKPHRYRPGTVALREIRRYQKSTELLIRKLPFQRLVREIAQDFKTDLRFQSSAVMALQEACEAYLVGLFEDTNLCAIHAKRVTIMPKDIQLARRIRGERA,ARKSTGGKAPRKQLATKAARKSAPATGGVKKPHRYRPGTVALREIRRYQKSTELLIRKLPF,iPTMnet
P68431,5,Kme,PMID:16267050,human,MARTKQTARKSTGGKAPRKQLATKAARKSAPATGGVKKPHRYRPGTVALREIRRYQKSTELLIRKLPFQRLVREIAQDFKTDLRFQSSAVMALQEACEAYLVGLFEDTNLCAIHAKRVTIMPKDIQLARRIRGERA,__________________________MARTKQTARKSTGGKAPRKQLATKAARKSAPATGG,iPTMnet
P68431,5,Kme,PMID:16457588,human,MARTKQTARKSTGGKAPRKQLATKAARKSAPATGGVKKPHRYRPGTVALREIRRYQKSTELLIRKLPFQRLVREIAQDFKTDLRFQSSAVMALQEACEAYLVGLFEDTNLCAIHAKRVTIMPKDIQLARRIRGERA,__________________________MARTKQTARKSTGGKAPRKQLATKAARKSAPATGG,iPTMnet
P68431,5,Kme,PMID:17194708,human,MARTKQTARKSTGGKAPRKQLATKAARKSAPATGGVKKPHRYRPGTVALREIRRYQKSTELLIRKLPFQRLVREIAQDFKTDLRFQSSAVMALQEACEAYLVGLFEDTNLCAIHAKRVTIMPKDIQLARRIRGERA,__________________________MARTKQTARKSTGGKAPRKQLATKAARKSAPATGG,iPTMnet
P68431,57,Kme,PMID:22387026,human,MARTKQTARKSTGGKAPRKQLATKAARKSAPATGGVKKPHRYRPGTVALREIRRYQKSTELLIRKLPFQRLVREIAQDFKTDLRFQSSAVMALQEACEAYLVGLFEDTNLCAIHAKRVTIMPKDIQLARRIRGERA,RKSAPATGGVKKPHRYRPGTVALREIRRYQKSTELLIRKLPFQRLVREIAQDFKTDLRFQS,iPTMnet
P68431,57,Kme,PMID:17194708,human,MARTKQTARKSTGGKAPRKQLATKAARKSAPATGGVKKPHRYRPGTVALREIRRYQKSTELLIRKLPFQRLVREIAQDFKTDLRFQSSAVMALQEACEAYLVGLFEDTNLCAIHAKRVTIMPKDIQLARRIRGERA,RKSAPATGGVKKPHRYRPGTVALREIRRYQKSTELLIRKLPFQRLVREIAQDFKTDLRFQS,iPTMnet
P68431,65,Kme,PMID:16267050,human,MARTKQTARKSTGGKAPRKQLATKAARKSAPATGGVKKPHRYRPGTVALREIRRYQKSTELLIRKLPFQRLVREIAQDFKTDLRFQSSAVMALQEACEAYLVGLFEDTNLCAIHAKRVTIMPKDIQLARRIRGERA,GVKKPHRYRPGTVALREIRRYQKSTELLIRKLPFQRLVREIAQDFKTDLRFQSSAVMALQE,iPTMnet
P68431,65,Kme,PMID:17194708,human,MARTKQTARKSTGGKAPRKQLATKAARKSAPATGGVKKPHRYRPGTVALREIRRYQKSTELLIRKLPFQRLVREIAQDFKTDLRFQSSAVMALQEACEAYLVGLFEDTNLCAIHAKRVTIMPKDIQLARRIRGERA,GVKKPHRYRPGTVALREIRRYQKSTELLIRKLPFQRLVREIAQDFKTDLRFQSSAVMALQE,iPTMnet
P68431,80,Kme,PMID:15525939,human,MARTKQTARKSTGGKAPRKQLATKAARKSAPATGGVKKPHRYRPGTVALREIRRYQKSTELLIRKLPFQRLVREIAQDFKTDLRFQSSAVMALQEACEAYLVGLFEDTNLCAIHAKRVTIMPKDIQLARRIRGERA,REIRRYQKSTELLIRKLPFQRLVREIAQDFKTDLRFQSSAVMALQEACEAYLVGLFEDTNL,iPTMnet
P68431,80,Kme,PMID:16267050,human,MARTKQTARKSTGGKAPRKQLATKAARKSAPATGGVKKPHRYRPGTVALREIRRYQKSTELLIRKLPFQRLVREIAQDFKTDLRFQSSAVMALQEACEAYLVGLFEDTNLCAIHAKRVTIMPKDIQLARRIRGERA,REIRRYQKSTELLIRKLPFQRLVREIAQDFKTDLRFQSSAVMALQEACEAYLVGLFEDTNL,iPTMnet
P68431,80,Kme,PMID:16627869,human,MARTKQTARKSTGGKAPRKQLATKAARKSAPATGGVKKPHRYRPGTVALREIRRYQKSTELLIRKLPFQRLVREIAQDFKTDLRFQSSAVMALQEACEAYLVGLFEDTNLCAIHAKRVTIMPKDIQLARRIRGERA,REIRRYQKSTELLIRKLPFQRLVREIAQDFKTDLRFQSSAVMALQEACEAYLVGLFEDTNL,iPTMnet
P68431,80,Kme,PMID:17194708,human,MARTKQTARKSTGGKAPRKQLATKAARKSAPATGGVKKPHRYRPGTVALREIRRYQKSTELLIRKLPFQRLVREIAQDFKTDLRFQSSAVMALQEACEAYLVGLFEDTNLCAIHAKRVTIMPKDIQLARRIRGERA,REIRRYQKSTELLIRKLPFQRLVREIAQDFKTDLRFQSSAVMALQEACEAYLVGLFEDTNL,iPTMnet
P78344,431,Kme,PMID:24129315,human,MESAIAEGGASRFSASSGGGGSRGAPQHYPKTAGNSEFLGKTPGQNAQKWIPARSTRRDDNSAANNSANEKERHDAIFRKVRGILNKLTPEKFDKLCLELLNVGVESKLILKGVILLIVDKALEEPKYSSLYAQLCLRLAEDAPNFDGPAAEGQPGQKQSTTFRRLLISKLQDEFENRTRNVDVYDKRENPLLPEEEEQRAIAKIKMLGNIKFIGELGKLDLIHESILHKCIKTLLEKKKRVQLKDMGEDLECLCQIMRTVGPRLDHERAKSLMDQYFARMCSLMLSKELPARIRFLLQDTVELREHHWVPRKAFLDNGPKTINQIRQDAVKDLGVFIPAPMAQGMRSDFFLEGPFMPPRMKMDRDPLGGLADMFGQMPGSGIGTGPGVIQDRFSPTMGRHRSNQLFNGHGGHIMPPTQSQFGEMGGKFMKSQGLSQLYHNQSQGLLSQLQGQSKDMPPRFSKKGQLNADEISLRPAQSFLMNKNQVPKLQPQITMIPPSAQPPRTQTPPLGQTPQLGLKTNPPLIQEKPAKTSKKPPPSKEELLKLTETVVTEYLNSGNANEAVNGVREMRAPKHFLPEMLSKVIILSLDRSDEDKEKASSLISLLKQEGIATSDNFMQAFLNVLDQCPKLEVDIPLVKSYLAQFAARAIISELVSISELAQPLESGTHFPLFLLCLQQLAKLQDREWLTELFQQSKVNMQKMLPEIDQNKDRMLEILEGKGLSFLFPLLKLEKELLKQIKLDPSPQTIYKWIKDNISPKLHVDKGFVNILMTSFLQYISSEVNPPSDETDSSSAPSKEQLEQEKQLLLSFKPVMQKFLHDHVDLQVSALYALQVHCYNSNFPKGMLLRFFVHFYDMEIIEEEAFLAWKEDITQEFPGKGKALFQVNQWLTWLETAEEEESEEEAD,HRSNQLFNGHGGHIMPPTQSQFGEMGGKFMKSQGLSQLYHNQSQGLLSQLQGQSKDMPPRF,iPTMnet
P84243,10,Kme,PMID:11242053,human,MARTKQTARKSTGGKAPRKQLATKAARKSAPSTGGVKKPHRYRPGTVALREIRRYQKSTELLIRKLPFQRLVREIAQDFKTDLRFQSAAIGALQEASEAYLVGLFEDTNLCAIHAKRVTIMPKDIQLARRIRGERA,_____________________MARTKQTARKSTGGKAPRKQLATKAARKSAPSTGGVKKPH,iPTMnet
P84243,10,Kme,PMID:16185088,human,MARTKQTARKSTGGKAPRKQLATKAARKSAPSTGGVKKPHRYRPGTVALREIRRYQKSTELLIRKLPFQRLVREIAQDFKTDLRFQSAAIGALQEASEAYLVGLFEDTNLCAIHAKRVTIMPKDIQLARRIRGERA,_____________________MARTKQTARKSTGGKAPRKQLATKAARKSAPSTGGVKKPH,iPTMnet
P84243,10,Kme,PMID:16267050,human,MARTKQTARKSTGGKAPRKQLATKAARKSAPSTGGVKKPHRYRPGTVALREIRRYQKSTELLIRKLPFQRLVREIAQDFKTDLRFQSAAIGALQEASEAYLVGLFEDTNLCAIHAKRVTIMPKDIQLARRIRGERA,_____________________MARTKQTARKSTGGKAPRKQLATKAARKSAPSTGGVKKPH,iPTMnet
P84243,10,Kme,PMID:16457588,human,MARTKQTARKSTGGKAPRKQLATKAARKSAPSTGGVKKPHRYRPGTVALREIRRYQKSTELLIRKLPFQRLVREIAQDFKTDLRFQSAAIGALQEASEAYLVGLFEDTNLCAIHAKRVTIMPKDIQLARRIRGERA,_____________________MARTKQTARKSTGGKAPRKQLATKAARKSAPSTGGVKKPH,iPTMnet
P84243,10,Kme,PMID:17194708,human,MARTKQTARKSTGGKAPRKQLATKAARKSAPSTGGVKKPHRYRPGTVALREIRRYQKSTELLIRKLPFQRLVREIAQDFKTDLRFQSAAIGALQEASEAYLVGLFEDTNLCAIHAKRVTIMPKDIQLARRIRGERA,_____________________MARTKQTARKSTGGKAPRKQLATKAARKSAPSTGGVKKPH,iPTMnet
P84243,10,Kme,PMID:7309716,human,MARTKQTARKSTGGKAPRKQLATKAARKSAPSTGGVKKPHRYRPGTVALREIRRYQKSTELLIRKLPFQRLVREIAQDFKTDLRFQSAAIGALQEASEAYLVGLFEDTNLCAIHAKRVTIMPKDIQLARRIRGERA,_____________________MARTKQTARKSTGGKAPRKQLATKAARKSAPSTGGVKKPH,iPTMnet
P84243,123,Kme,PMID:16267050,human,MARTKQTARKSTGGKAPRKQLATKAARKSAPSTGGVKKPHRYRPGTVALREIRRYQKSTELLIRKLPFQRLVREIAQDFKTDLRFQSAAIGALQEASEAYLVGLFEDTNLCAIHAKRVTIMPKDIQLARRIRGERA,LQEASEAYLVGLFEDTNLCAIHAKRVTIMPKDIQLARRIRGERA_________________,iPTMnet
P84243,123,Kme,PMID:17194708,human,MARTKQTARKSTGGKAPRKQLATKAARKSAPSTGGVKKPHRYRPGTVALREIRRYQKSTELLIRKLPFQRLVREIAQDFKTDLRFQSAAIGALQEASEAYLVGLFEDTNLCAIHAKRVTIMPKDIQLARRIRGERA,LQEASEAYLVGLFEDTNLCAIHAKRVTIMPKDIQLARRIRGERA_________________,iPTMnet
P84243,19,Kme,PMID:16267050,human,MARTKQTARKSTGGKAPRKQLATKAARKSAPSTGGVKKPHRYRPGTVALREIRRYQKSTELLIRKLPFQRLVREIAQDFKTDLRFQSAAIGALQEASEAYLVGLFEDTNLCAIHAKRVTIMPKDIQLARRIRGERA,____________MARTKQTARKSTGGKAPRKQLATKAARKSAPSTGGVKKPHRYRPGTVAL,iPTMnet
P84243,19,Kme,PMID:17194708,human,MARTKQTARKSTGGKAPRKQLATKAARKSAPSTGGVKKPHRYRPGTVALREIRRYQKSTELLIRKLPFQRLVREIAQDFKTDLRFQSAAIGALQEASEAYLVGLFEDTNLCAIHAKRVTIMPKDIQLARRIRGERA,____________MARTKQTARKSTGGKAPRKQLATKAARKSAPSTGGVKKPHRYRPGTVAL,iPTMnet
P84243,24,Kme,PMID:17194708,human,MARTKQTARKSTGGKAPRKQLATKAARKSAPSTGGVKKPHRYRPGTVALREIRRYQKSTELLIRKLPFQRLVREIAQDFKTDLRFQSAAIGALQEASEAYLVGLFEDTNLCAIHAKRVTIMPKDIQLARRIRGERA,_______MARTKQTARKSTGGKAPRKQLATKAARKSAPSTGGVKKPHRYRPGTVALREIRR,iPTMnet
P84243,28,Kme,PMID:16185088,human,MARTKQTARKSTGGKAPRKQLATKAARKSAPSTGGVKKPHRYRPGTVALREIRRYQKSTELLIRKLPFQRLVREIAQDFKTDLRFQSAAIGALQEASEAYLVGLFEDTNLCAIHAKRVTIMPKDIQLARRIRGERA,___MARTKQTARKSTGGKAPRKQLATKAARKSAPSTGGVKKPHRYRPGTVALREIRRYQKS,iPTMnet
P84243,28,Kme,PMID:16267050,human,MARTKQTARKSTGGKAPRKQLATKAARKSAPSTGGVKKPHRYRPGTVALREIRRYQKSTELLIRKLPFQRLVREIAQDFKTDLRFQSAAIGALQEASEAYLVGLFEDTNLCAIHAKRVTIMPKDIQLARRIRGERA,___MARTKQTARKSTGGKAPRKQLATKAARKSAPSTGGVKKPHRYRPGTVALREIRRYQKS,iPTMnet
P84243,28,Kme,PMID:17194708,human,MARTKQTARKSTGGKAPRKQLATKAARKSAPSTGGVKKPHRYRPGTVALREIRRYQKSTELLIRKLPFQRLVREIAQDFKTDLRFQSAAIGALQEASEAYLVGLFEDTNLCAIHAKRVTIMPKDIQLARRIRGERA,___MARTKQTARKSTGGKAPRKQLATKAARKSAPSTGGVKKPHRYRPGTVALREIRRYQKS,iPTMnet
P84243,28,Kme,PMID:24129315,human,MARTKQTARKSTGGKAPRKQLATKAARKSAPSTGGVKKPHRYRPGTVALREIRRYQKSTELLIRKLPFQRLVREIAQDFKTDLRFQSAAIGALQEASEAYLVGLFEDTNLCAIHAKRVTIMPKDIQLARRIRGERA,___MARTKQTARKSTGGKAPRKQLATKAARKSAPSTGGVKKPHRYRPGTVALREIRRYQKS,iPTMnet
P84243,28,Kme,PMID:7309716,human,MARTKQTARKSTGGKAPRKQLATKAARKSAPSTGGVKKPHRYRPGTVALREIRRYQKSTELLIRKLPFQRLVREIAQDFKTDLRFQSAAIGALQEASEAYLVGLFEDTNLCAIHAKRVTIMPKDIQLARRIRGERA,___MARTKQTARKSTGGKAPRKQLATKAARKSAPSTGGVKKPHRYRPGTVALREIRRYQKS,iPTMnet
P84243,37,Kme,PMID:16185088,human,MARTKQTARKSTGGKAPRKQLATKAARKSAPSTGGVKKPHRYRPGTVALREIRRYQKSTELLIRKLPFQRLVREIAQDFKTDLRFQSAAIGALQEASEAYLVGLFEDTNLCAIHAKRVTIMPKDIQLARRIRGERA,TARKSTGGKAPRKQLATKAARKSAPSTGGVKKPHRYRPGTVALREIRRYQKSTELLIRKLP,iPTMnet
P84243,37,Kme,PMID:16267050,human,MARTKQTARKSTGGKAPRKQLATKAARKSAPSTGGVKKPHRYRPGTVALREIRRYQKSTELLIRKLPFQRLVREIAQDFKTDLRFQSAAIGALQEASEAYLVGLFEDTNLCAIHAKRVTIMPKDIQLARRIRGERA,TARKSTGGKAPRKQLATKAARKSAPSTGGVKKPHRYRPGTVALREIRRYQKSTELLIRKLP,iPTMnet
P84243,37,Kme,PMID:17194708,human,MARTKQTARKSTGGKAPRKQLATKAARKSAPSTGGVKKPHRYRPGTVALREIRRYQKSTELLIRKLPFQRLVREIAQDFKTDLRFQSAAIGALQEASEAYLVGLFEDTNLCAIHAKRVTIMPKDIQLARRIRGERA,TARKSTGGKAPRKQLATKAARKSAPSTGGVKKPHRYRPGTVALREIRRYQKSTELLIRKLP,iPTMnet
P84243,37,Kme,PMID:7309716,human,MARTKQTARKSTGGKAPRKQLATKAARKSAPSTGGVKKPHRYRPGTVALREIRRYQKSTELLIRKLPFQRLVREIAQDFKTDLRFQSAAIGALQEASEAYLVGLFEDTNLCAIHAKRVTIMPKDIQLARRIRGERA,TARKSTGGKAPRKQLATKAARKSAPSTGGVKKPHRYRPGTVALREIRRYQKSTELLIRKLP,iPTMnet
P84243,5,Kme,PMID:16185088,human,MARTKQTARKSTGGKAPRKQLATKAARKSAPSTGGVKKPHRYRPGTVALREIRRYQKSTELLIRKLPFQRLVREIAQDFKTDLRFQSAAIGALQEASEAYLVGLFEDTNLCAIHAKRVTIMPKDIQLARRIRGERA,__________________________MARTKQTARKSTGGKAPRKQLATKAARKSAPSTGG,iPTMnet
P84243,5,Kme,PMID:16267050,human,MARTKQTARKSTGGKAPRKQLATKAARKSAPSTGGVKKPHRYRPGTVALREIRRYQKSTELLIRKLPFQRLVREIAQDFKTDLRFQSAAIGALQEASEAYLVGLFEDTNLCAIHAKRVTIMPKDIQLARRIRGERA,__________________________MARTKQTARKSTGGKAPRKQLATKAARKSAPSTGG,iPTMnet
P84243,5,Kme,PMID:16457588,human,MARTKQTARKSTGGKAPRKQLATKAARKSAPSTGGVKKPHRYRPGTVALREIRRYQKSTELLIRKLPFQRLVREIAQDFKTDLRFQSAAIGALQEASEAYLVGLFEDTNLCAIHAKRVTIMPKDIQLARRIRGERA,__________________________MARTKQTARKSTGGKAPRKQLATKAARKSAPSTGG,iPTMnet
P84243,5,Kme,PMID:17194708,human,MARTKQTARKSTGGKAPRKQLATKAARKSAPSTGGVKKPHRYRPGTVALREIRRYQKSTELLIRKLPFQRLVREIAQDFKTDLRFQSAAIGALQEASEAYLVGLFEDTNLCAIHAKRVTIMPKDIQLARRIRGERA,__________________________MARTKQTARKSTGGKAPRKQLATKAARKSAPSTGG,iPTMnet
P84243,57,Kme,PMID:22387026,human,MARTKQTARKSTGGKAPRKQLATKAARKSAPSTGGVKKPHRYRPGTVALREIRRYQKSTELLIRKLPFQRLVREIAQDFKTDLRFQSAAIGALQEASEAYLVGLFEDTNLCAIHAKRVTIMPKDIQLARRIRGERA,RKSAPSTGGVKKPHRYRPGTVALREIRRYQKSTELLIRKLPFQRLVREIAQDFKTDLRFQS,iPTMnet
P84243,57,Kme,PMID:17194708,human,MARTKQTARKSTGGKAPRKQLATKAARKSAPSTGGVKKPHRYRPGTVALREIRRYQKSTELLIRKLPFQRLVREIAQDFKTDLRFQSAAIGALQEASEAYLVGLFEDTNLCAIHAKRVTIMPKDIQLARRIRGERA,RKSAPSTGGVKKPHRYRPGTVALREIRRYQKSTELLIRKLPFQRLVREIAQDFKTDLRFQS,iPTMnet
P84243,65,Kme,PMID:16267050,human,MARTKQTARKSTGGKAPRKQLATKAARKSAPSTGGVKKPHRYRPGTVALREIRRYQKSTELLIRKLPFQRLVREIAQDFKTDLRFQSAAIGALQEASEAYLVGLFEDTNLCAIHAKRVTIMPKDIQLARRIRGERA,GVKKPHRYRPGTVALREIRRYQKSTELLIRKLPFQRLVREIAQDFKTDLRFQSAAIGALQE,iPTMnet
P84243,65,Kme,PMID:17194708,human,MARTKQTARKSTGGKAPRKQLATKAARKSAPSTGGVKKPHRYRPGTVALREIRRYQKSTELLIRKLPFQRLVREIAQDFKTDLRFQSAAIGALQEASEAYLVGLFEDTNLCAIHAKRVTIMPKDIQLARRIRGERA,GVKKPHRYRPGTVALREIRRYQKSTELLIRKLPFQRLVREIAQDFKTDLRFQSAAIGALQE,iPTMnet
P84243,80,Kme,PMID:15525939,human,MARTKQTARKSTGGKAPRKQLATKAARKSAPSTGGVKKPHRYRPGTVALREIRRYQKSTELLIRKLPFQRLVREIAQDFKTDLRFQSAAIGALQEASEAYLVGLFEDTNLCAIHAKRVTIMPKDIQLARRIRGERA,REIRRYQKSTELLIRKLPFQRLVREIAQDFKTDLRFQSAAIGALQEASEAYLVGLFEDTNL,iPTMnet
P84243,80,Kme,PMID:16267050,human,MARTKQTARKSTGGKAPRKQLATKAARKSAPSTGGVKKPHRYRPGTVALREIRRYQKSTELLIRKLPFQRLVREIAQDFKTDLRFQSAAIGALQEASEAYLVGLFEDTNLCAIHAKRVTIMPKDIQLARRIRGERA,REIRRYQKSTELLIRKLPFQRLVREIAQDFKTDLRFQSAAIGALQEASEAYLVGLFEDTNL,iPTMnet
P84243,80,Kme,PMID:17194708,human,MARTKQTARKSTGGKAPRKQLATKAARKSAPSTGGVKKPHRYRPGTVALREIRRYQKSTELLIRKLPFQRLVREIAQDFKTDLRFQSAAIGALQEASEAYLVGLFEDTNLCAIHAKRVTIMPKDIQLARRIRGERA,REIRRYQKSTELLIRKLPFQRLVREIAQDFKTDLRFQSAAIGALQEASEAYLVGLFEDTNL,iPTMnet
Q00325,112,Kme,PMID:24129315,human,MFSSVAHLARANPFNTPHLQLVHDGLGDLRSSSPGPTGQPRRPRNLAAAAVEEQYSCDYGSGRFFILCGLGGIISCGTTHTALVPLDLVKCRMQVDPQKYKGIFNGFSVTLKEDGVRGLAKGWAPTFLGYSMQGLCKFGFYEVFKVLYSNMLGEENTYLWRTSLYLAASASAEFFADIALAPMEAAKVRIQTQPGYANTLRDAAPKMYKEEGLKAFYKGVAPLWMRQIPYTMMKFACFERTVEALYKFVVPKPRSECSKPEQLVVTFVAGYIAGVFCAIVSHPADSVVSVLNKEKGSSASLVLKRLGFKGVWKGLFARIIMIGTLTALQWFIYDSVKVYFRLPRPPPPEMPESLKKKLGLTQ,ALVPLDLVKCRMQVDPQKYKGIFNGFSVTLKEDGVRGLAKGWAPTFLGYSMQGLCKFGFYE,iPTMnet
Q01081,39,Kme,PMID:24129315,human,MAEYLASIFGTEKDKVNCSFYFKIGACRHGDRCSRLHNKPTFSQTIALLNIYRNPQNSSQSADGLRCAVSDVEMQEHYDEFFEEVFTEMEEKYGEVEEMNVCDNLGDHLVGNVYVKFRREEDAEKAVIDLNNRWFNGQPIHAELSPVTDFREACCRQYEMGECTRGGFCNFMHLKPISRELRRELYGRRRKKHRSRSRSRERRSRSRDRGRGGGGGGGGGGGGRERDRRRSRDRERSGRF,FGTEKDKVNCSFYFKIGACRHGDRCSRLHNKPTFSQTIALLNIYRNPQNSSQSADGLRCAV,iPTMnet
Q01518,287,Kme,PMID:24129315,human,MADMQNLVERLERAVGRLEAVSHTSDMHRGYADSPSKAGAAPYVQAFDSLLAGPVAEYLKISKEIGGDVQKHAEMVHTGLKLERALLVTASQCQQPAENKLSDLLAPISEQIKEVITFREKNRGSKLFNHLSAVSESIQALGWVAMAPKPGPYVKEMNDAAMFYTNRVLKEYKDVDKKHVDWVKAYLSIWTELQAYIKEFHTTGLAWSKTGPVAKELSGLPSGPSAGSCPPPPPPCPPPPPVSTISCSYESASRSSLFAQINQGESITHALKHVSDDMKTHKNPALKAQSGPVRSGPKPFSAPKPQTSPSPKRATKKEPAVLELEGKKWRVENQENVSNLVIEDTELKQVAYIYKCVNTTLQIKGKINSITVDNCKKLGLVFDDVVGIVEIINSKDVKVQVMGKVPTISINKTDGCHAYLSKNSLDCEIVSAKSSEMNVLIPTEGGDFNEFPVPEQFKTLWNGQKLVTTVTEIAG,LFAQINQGESITHALKHVSDDMKTHKNPALKAQSGPVRSGPKPFSAPKPQTSPSPKRATKK,iPTMnet
Q03468,1054,Kme,PMID:18438403,human,MPNEGIPHSSQTQEQDCLQSQPVSNNEEMAIKQESGGDGEVEEYLSFRSVGDGLSTSAVGCASAAPRRGPALLHIDRHQIQAVEPSAQALELQGLGVDVYDQDVLEQGVLQQVDNAIHEASRASQLVDVEKEYRSVLDDLTSCTTSLRQINKIIEQLSPQAATSRDINRKLDSVKRQKYNKEQQLKKITAKQKHLQAILGGAEVKIELDHASLEEDAEPGPSSLGSMLMPVQETAWEELIRTGQMTPFGTQIPQKQEKKPRKIMLNEASGFEKYLADQAKLSFERKKQGCNKRAARKAPAPVTPPAPVQNKNKPNKKARVLSKKEERLKKHIKKLQKRALQFQGKVGLPKARRPWESDMRPEAEGDSEGEESEYFPTEEEEEEEDDEVEGAEADLSGDGTDYELKPLPKGGKRQKKVPVQEIDDDFFPSSGEEAEAASVGEGGGGGRKVGRYRDDGDEDYYKQRLRRWNKLRLQDKEKRLKLEDDSEESDAEFDEGFKVPGFLFKKLFKYQQTGVRWLWELHCQQAGGILGDEMGLGKTIQIIAFLAGLSYSKIRTRGSNYRFEGLGPTVIVCPTTVMHQWVKEFHTWWPPFRVAILHETGSYTHKKEKLIRDVAHCHGILITSYSYIRLMQDDISRYDWHYVILDEGHKIRNPNAAVTLACKQFRTPHRIILSGSPMQNNLRELWSLFDFIFPGKLGTLPVFMEQFSVPITMGGYSNASPVQVKTAYKCACVLRDTINPYLLRRMKSDVKMSLSLPDKNEQVLFCRLTDEQHKVYQNFVDSKEVYRILNGEMQIFSGLIALRKICNHPDLFSGGPKNLKGLPDDELEEDQFGYWKRSGKMIVVESLLKIWHKQGQRVLLFSQSRQMLDILEVFLRAQKYTYLKMDGTTTIASRQPLITRYNEDTSIFVFLLTTRVGGLGVNLTGANRVVIYDPDWNPSTDTQARERAWRIGQKKQVTVYRLLTAGTIEEKIYHRQIFKQFLTNRVLKDPKQRRFFKSNDLYELFTLTSPDASQSTETSAIFAGTGSDVQTPKCHLKRRIQPAFGADHDVPKRKKFPASNISVNDATSSEEKSEAKGAEVNAVTSNRSDPLKDDPHMSSNVTSNDRLGEETNAVSGPEELSVISGNGECSNSSGTGKTSMPSGDESIDEKLGLSYKRERPSQAQTEAFWENKQMENNFYKHKSKTKHHSVAEEETLEKHLRPKQKPKNSKHCRDAKFEGTRIPHLVKKRRYQKQDSENKSEAKEQSNDDYVLEKLFKKSVGVHSVMKHDAIMDGASPDYVLVEAEANRVAQDALKALRLSRQRCLGAVSGVPTWTGHRGISGAPAGKKSRFGKKRNSNFSVQHPSSTSPTEKCQDGIMKKEGKDNVPEHFSGRAEDADSSSGPLASSSLLAKMRARNHLILPERLESESGHLQEASALLPTTEHDDLLVEMRNFIAFQAHTDGQASTREILQEFESKLSASQSCVFRELLRNLCTFHRTSGGEGIWKLKPEYC,GTGSDVQTPKCHLKRRIQPAFGADHDVPKRKKFPASNISVNDATSSEEKSEAKGAEVNAVT,iPTMnet
Q03468,170,Kme,PMID:18438403,human,MPNEGIPHSSQTQEQDCLQSQPVSNNEEMAIKQESGGDGEVEEYLSFRSVGDGLSTSAVGCASAAPRRGPALLHIDRHQIQAVEPSAQALELQGLGVDVYDQDVLEQGVLQQVDNAIHEASRASQLVDVEKEYRSVLDDLTSCTTSLRQINKIIEQLSPQAATSRDINRKLDSVKRQKYNKEQQLKKITAKQKHLQAILGGAEVKIELDHASLEEDAEPGPSSLGSMLMPVQETAWEELIRTGQMTPFGTQIPQKQEKKPRKIMLNEASGFEKYLADQAKLSFERKKQGCNKRAARKAPAPVTPPAPVQNKNKPNKKARVLSKKEERLKKHIKKLQKRALQFQGKVGLPKARRPWESDMRPEAEGDSEGEESEYFPTEEEEEEEDDEVEGAEADLSGDGTDYELKPLPKGGKRQKKVPVQEIDDDFFPSSGEEAEAASVGEGGGGGRKVGRYRDDGDEDYYKQRLRRWNKLRLQDKEKRLKLEDDSEESDAEFDEGFKVPGFLFKKLFKYQQTGVRWLWELHCQQAGGILGDEMGLGKTIQIIAFLAGLSYSKIRTRGSNYRFEGLGPTVIVCPTTVMHQWVKEFHTWWPPFRVAILHETGSYTHKKEKLIRDVAHCHGILITSYSYIRLMQDDISRYDWHYVILDEGHKIRNPNAAVTLACKQFRTPHRIILSGSPMQNNLRELWSLFDFIFPGKLGTLPVFMEQFSVPITMGGYSNASPVQVKTAYKCACVLRDTINPYLLRRMKSDVKMSLSLPDKNEQVLFCRLTDEQHKVYQNFVDSKEVYRILNGEMQIFSGLIALRKICNHPDLFSGGPKNLKGLPDDELEEDQFGYWKRSGKMIVVESLLKIWHKQGQRVLLFSQSRQMLDILEVFLRAQKYTYLKMDGTTTIASRQPLITRYNEDTSIFVFLLTTRVGGLGVNLTGANRVVIYDPDWNPSTDTQARERAWRIGQKKQVTVYRLLTAGTIEEKIYHRQIFKQFLTNRVLKDPKQRRFFKSNDLYELFTLTSPDASQSTETSAIFAGTGSDVQTPKCHLKRRIQPAFGADHDVPKRKKFPASNISVNDATSSEEKSEAKGAEVNAVTSNRSDPLKDDPHMSSNVTSNDRLGEETNAVSGPEELSVISGNGECSNSSGTGKTSMPSGDESIDEKLGLSYKRERPSQAQTEAFWENKQMENNFYKHKSKTKHHSVAEEETLEKHLRPKQKPKNSKHCRDAKFEGTRIPHLVKKRRYQKQDSENKSEAKEQSNDDYVLEKLFKKSVGVHSVMKHDAIMDGASPDYVLVEAEANRVAQDALKALRLSRQRCLGAVSGVPTWTGHRGISGAPAGKKSRFGKKRNSNFSVQHPSSTSPTEKCQDGIMKKEGKDNVPEHFSGRAEDADSSSGPLASSSLLAKMRARNHLILPERLESESGHLQEASALLPTTEHDDLLVEMRNFIAFQAHTDGQASTREILQEFESKLSASQSCVFRELLRNLCTFHRTSGGEGIWKLKPEYC,LTSCTTSLRQINKIIEQLSPQAATSRDINRKLDSVKRQKYNKEQQLKKITAKQKHLQAILG,iPTMnet
Q03468,297,Kme,PMID:18438403,human,MPNEGIPHSSQTQEQDCLQSQPVSNNEEMAIKQESGGDGEVEEYLSFRSVGDGLSTSAVGCASAAPRRGPALLHIDRHQIQAVEPSAQALELQGLGVDVYDQDVLEQGVLQQVDNAIHEASRASQLVDVEKEYRSVLDDLTSCTTSLRQINKIIEQLSPQAATSRDINRKLDSVKRQKYNKEQQLKKITAKQKHLQAILGGAEVKIELDHASLEEDAEPGPSSLGSMLMPVQETAWEELIRTGQMTPFGTQIPQKQEKKPRKIMLNEASGFEKYLADQAKLSFERKKQGCNKRAARKAPAPVTPPAPVQNKNKPNKKARVLSKKEERLKKHIKKLQKRALQFQGKVGLPKARRPWESDMRPEAEGDSEGEESEYFPTEEEEEEEDDEVEGAEADLSGDGTDYELKPLPKGGKRQKKVPVQEIDDDFFPSSGEEAEAASVGEGGGGGRKVGRYRDDGDEDYYKQRLRRWNKLRLQDKEKRLKLEDDSEESDAEFDEGFKVPGFLFKKLFKYQQTGVRWLWELHCQQAGGILGDEMGLGKTIQIIAFLAGLSYSKIRTRGSNYRFEGLGPTVIVCPTTVMHQWVKEFHTWWPPFRVAILHETGSYTHKKEKLIRDVAHCHGILITSYSYIRLMQDDISRYDWHYVILDEGHKIRNPNAAVTLACKQFRTPHRIILSGSPMQNNLRELWSLFDFIFPGKLGTLPVFMEQFSVPITMGGYSNASPVQVKTAYKCACVLRDTINPYLLRRMKSDVKMSLSLPDKNEQVLFCRLTDEQHKVYQNFVDSKEVYRILNGEMQIFSGLIALRKICNHPDLFSGGPKNLKGLPDDELEEDQFGYWKRSGKMIVVESLLKIWHKQGQRVLLFSQSRQMLDILEVFLRAQKYTYLKMDGTTTIASRQPLITRYNEDTSIFVFLLTTRVGGLGVNLTGANRVVIYDPDWNPSTDTQARERAWRIGQKKQVTVYRLLTAGTIEEKIYHRQIFKQFLTNRVLKDPKQRRFFKSNDLYELFTLTSPDASQSTETSAIFAGTGSDVQTPKCHLKRRIQPAFGADHDVPKRKKFPASNISVNDATSSEEKSEAKGAEVNAVTSNRSDPLKDDPHMSSNVTSNDRLGEETNAVSGPEELSVISGNGECSNSSGTGKTSMPSGDESIDEKLGLSYKRERPSQAQTEAFWENKQMENNFYKHKSKTKHHSVAEEETLEKHLRPKQKPKNSKHCRDAKFEGTRIPHLVKKRRYQKQDSENKSEAKEQSNDDYVLEKLFKKSVGVHSVMKHDAIMDGASPDYVLVEAEANRVAQDALKALRLSRQRCLGAVSGVPTWTGHRGISGAPAGKKSRFGKKRNSNFSVQHPSSTSPTEKCQDGIMKKEGKDNVPEHFSGRAEDADSSSGPLASSSLLAKMRARNHLILPERLESESGHLQEASALLPTTEHDDLLVEMRNFIAFQAHTDGQASTREILQEFESKLSASQSCVFRELLRNLCTFHRTSGGEGIWKLKPEYC,EASGFEKYLADQAKLSFERKKQGCNKRAARKAPAPVTPPAPVQNKNKPNKKARVLSKKEER,iPTMnet
Q03468,448,Kme,PMID:18438403,human,MPNEGIPHSSQTQEQDCLQSQPVSNNEEMAIKQESGGDGEVEEYLSFRSVGDGLSTSAVGCASAAPRRGPALLHIDRHQIQAVEPSAQALELQGLGVDVYDQDVLEQGVLQQVDNAIHEASRASQLVDVEKEYRSVLDDLTSCTTSLRQINKIIEQLSPQAATSRDINRKLDSVKRQKYNKEQQLKKITAKQKHLQAILGGAEVKIELDHASLEEDAEPGPSSLGSMLMPVQETAWEELIRTGQMTPFGTQIPQKQEKKPRKIMLNEASGFEKYLADQAKLSFERKKQGCNKRAARKAPAPVTPPAPVQNKNKPNKKARVLSKKEERLKKHIKKLQKRALQFQGKVGLPKARRPWESDMRPEAEGDSEGEESEYFPTEEEEEEEDDEVEGAEADLSGDGTDYELKPLPKGGKRQKKVPVQEIDDDFFPSSGEEAEAASVGEGGGGGRKVGRYRDDGDEDYYKQRLRRWNKLRLQDKEKRLKLEDDSEESDAEFDEGFKVPGFLFKKLFKYQQTGVRWLWELHCQQAGGILGDEMGLGKTIQIIAFLAGLSYSKIRTRGSNYRFEGLGPTVIVCPTTVMHQWVKEFHTWWPPFRVAILHETGSYTHKKEKLIRDVAHCHGILITSYSYIRLMQDDISRYDWHYVILDEGHKIRNPNAAVTLACKQFRTPHRIILSGSPMQNNLRELWSLFDFIFPGKLGTLPVFMEQFSVPITMGGYSNASPVQVKTAYKCACVLRDTINPYLLRRMKSDVKMSLSLPDKNEQVLFCRLTDEQHKVYQNFVDSKEVYRILNGEMQIFSGLIALRKICNHPDLFSGGPKNLKGLPDDELEEDQFGYWKRSGKMIVVESLLKIWHKQGQRVLLFSQSRQMLDILEVFLRAQKYTYLKMDGTTTIASRQPLITRYNEDTSIFVFLLTTRVGGLGVNLTGANRVVIYDPDWNPSTDTQARERAWRIGQKKQVTVYRLLTAGTIEEKIYHRQIFKQFLTNRVLKDPKQRRFFKSNDLYELFTLTSPDASQSTETSAIFAGTGSDVQTPKCHLKRRIQPAFGADHDVPKRKKFPASNISVNDATSSEEKSEAKGAEVNAVTSNRSDPLKDDPHMSSNVTSNDRLGEETNAVSGPEELSVISGNGECSNSSGTGKTSMPSGDESIDEKLGLSYKRERPSQAQTEAFWENKQMENNFYKHKSKTKHHSVAEEETLEKHLRPKQKPKNSKHCRDAKFEGTRIPHLVKKRRYQKQDSENKSEAKEQSNDDYVLEKLFKKSVGVHSVMKHDAIMDGASPDYVLVEAEANRVAQDALKALRLSRQRCLGAVSGVPTWTGHRGISGAPAGKKSRFGKKRNSNFSVQHPSSTSPTEKCQDGIMKKEGKDNVPEHFSGRAEDADSSSGPLASSSLLAKMRARNHLILPERLESESGHLQEASALLPTTEHDDLLVEMRNFIAFQAHTDGQASTREILQEFESKLSASQSCVFRELLRNLCTFHRTSGGEGIWKLKPEYC,PVQEIDDDFFPSSGEEAEAASVGEGGGGGRKVGRYRDDGDEDYYKQRLRRWNKLRLQDKEK,iPTMnet
Q05639,165,Kme,PMID:24129315,human,MGKEKTHINIVVIGHVDSGKSTTTGHLIYKCGGIDKRTIEKFEKEAAEMGKGSFKYAWVLDKLKAERERGITIDISLWKFETTKYYITIIDAPGHRDFIKNMITGTSQADCAVLIVAAGVGEFEAGISKNGQTREHALLAYTLGVKQLIVGVNKMDSTEPAYSEKRYDEIVKEVSAYIKKIGYNPATVPFVPISGWHGDNMLEPSPNMPWFKGWKVERKEGNASGVSLLEALDTILPPTRPTDKPLRLPLQDVYKIGGIGTVPVGRVETGILRPGMVVTFAPVNITTEVKSVEMHHEALSEALPGDNVGFNVKNVSVKDIRRGNVCGDSKSDPPQEAAQFTSQVIILNHPGQISAGYSPVIDCHTAHIACKFAELKEKIDRRSGKKLEDNPKSLKSGDAAIVEMVPGKPMCVESFSQYPPLGRFAVRDMRQTVAVGVIKNVEKKSGGAGKVTKSAQKAQKAGK,EHALLAYTLGVKQLIVGVNKMDSTEPAYSEKRYDEIVKEVSAYIKKIGYNPATVPFVPISG,iPTMnet
Q05639,36,Kme,PMID:28520920,human,MGKEKTHINIVVIGHVDSGKSTTTGHLIYKCGGIDKRTIEKFEKEAAEMGKGSFKYAWVLDKLKAERERGITIDISLWKFETTKYYITIIDAPGHRDFIKNMITGTSQADCAVLIVAAGVGEFEAGISKNGQTREHALLAYTLGVKQLIVGVNKMDSTEPAYSEKRYDEIVKEVSAYIKKIGYNPATVPFVPISGWHGDNMLEPSPNMPWFKGWKVERKEGNASGVSLLEALDTILPPTRPTDKPLRLPLQDVYKIGGIGTVPVGRVETGILRPGMVVTFAPVNITTEVKSVEMHHEALSEALPGDNVGFNVKNVSVKDIRRGNVCGDSKSDPPQEAAQFTSQVIILNHPGQISAGYSPVIDCHTAHIACKFAELKEKIDRRSGKKLEDNPKSLKSGDAAIVEMVPGKPMCVESFSQYPPLGRFAVRDMRQTVAVGVIKNVEKKSGGAGKVTKSAQKAQKAGK,THINIVVIGHVDSGKSTTTGHLIYKCGGIDKRTIEKFEKEAAEMGKGSFKYAWVLDKLKAE,iPTMnet
Q05639,55,Kme,PMID:30143613,human,MGKEKTHINIVVIGHVDSGKSTTTGHLIYKCGGIDKRTIEKFEKEAAEMGKGSFKYAWVLDKLKAERERGITIDISLWKFETTKYYITIIDAPGHRDFIKNMITGTSQADCAVLIVAAGVGEFEAGISKNGQTREHALLAYTLGVKQLIVGVNKMDSTEPAYSEKRYDEIVKEVSAYIKKIGYNPATVPFVPISGWHGDNMLEPSPNMPWFKGWKVERKEGNASGVSLLEALDTILPPTRPTDKPLRLPLQDVYKIGGIGTVPVGRVETGILRPGMVVTFAPVNITTEVKSVEMHHEALSEALPGDNVGFNVKNVSVKDIRRGNVCGDSKSDPPQEAAQFTSQVIILNHPGQISAGYSPVIDCHTAHIACKFAELKEKIDRRSGKKLEDNPKSLKSGDAAIVEMVPGKPMCVESFSQYPPLGRFAVRDMRQTVAVGVIKNVEKKSGGAGKVTKSAQKAQKAGK,GHLIYKCGGIDKRTIEKFEKEAAEMGKGSFKYAWVLDKLKAERERGITIDISLWKFETTKY,iPTMnet
Q05639,55,Kme,PMID:30612740,human,MGKEKTHINIVVIGHVDSGKSTTTGHLIYKCGGIDKRTIEKFEKEAAEMGKGSFKYAWVLDKLKAERERGITIDISLWKFETTKYYITIIDAPGHRDFIKNMITGTSQADCAVLIVAAGVGEFEAGISKNGQTREHALLAYTLGVKQLIVGVNKMDSTEPAYSEKRYDEIVKEVSAYIKKIGYNPATVPFVPISGWHGDNMLEPSPNMPWFKGWKVERKEGNASGVSLLEALDTILPPTRPTDKPLRLPLQDVYKIGGIGTVPVGRVETGILRPGMVVTFAPVNITTEVKSVEMHHEALSEALPGDNVGFNVKNVSVKDIRRGNVCGDSKSDPPQEAAQFTSQVIILNHPGQISAGYSPVIDCHTAHIACKFAELKEKIDRRSGKKLEDNPKSLKSGDAAIVEMVPGKPMCVESFSQYPPLGRFAVRDMRQTVAVGVIKNVEKKSGGAGKVTKSAQKAQKAGK,GHLIYKCGGIDKRTIEKFEKEAAEMGKGSFKYAWVLDKLKAERERGITIDISLWKFETTKY,iPTMnet
Q08211,146,Kme,PMID:24129315,human,MGDVKNFLYAWCGKRKMTPSYEIRAVGNKNRQKFMCEVQVEGYNYTGMGNSTNKKDAQSNAARDFVNYLVRINEIKSEEVPAFGVASPPPLTDTPDTTANAEGDLPTTMGGPLPPHLALKAENNSEVGASGYGVPGPTWDRGANLKDYYSRKEEQEVQATLESEEVDLNAGLHGNWTLENAKARLNQYFQKEKIQGEYKYTQVGPDHNRSFIAEMTIYIKQLGRRIFAREHGSNKKLAAQSCALSLVRQLYHLGVVEAYSGLTKKKEGETVEPYKVNLSQDLEHQLQNIIQELNLEILPPPEDPSVPVALNIGKLAQFEPSQRQNQVGVVPWSPPQSNWNPWTSSNIDEGPLAFATPEQISMDLKNELMYQLEQDHDLQAILQERELLPVKKFESEILEAISQNSVVIIRGATGCGKTTQVPQFILDDFIQNDRAAECNIVVTQPRRISAVSVAERVAFERGEEPGKSCGYSVRFESILPRPHASIMFCTVGVLLRKLEAGIRGISHVIVDEIHERDINTDFLLVVLRDVVQAYPEVRIVLMSATIDTSMFCEYFFNCPIIEVYGRTYPVQEYFLEDCIQMTHFVPPPKDKKKKDKDDDGGEDDDANCNLICGDEYGPETRLSMSQLNEKETPFELIEALLKYIETLNVPGAVLVFLPGWNLIYTMQKHLEMNPHFGSHRYQILPLHSQIPREEQRKVFDPVPVGVTKVILSTNIAETSITINDVVYVIDSCKQKVKLFTAHNNMTNYATVWASKTNLEQRKGRAGRVRPGFCFHLCSRARFERLETHMTPEMFRTPLHEIALSIKLLRLGGIGQFLAKAIEPPPLDAVIEAEHTLRELDALDANDELTPLGRILAKLPIEPRFGKMMIMGCIFYVGDAICTIAAATCFPEPFINEGKRLGYIHRNFAGNRFSDHVALLSVFQAWDDARMGGEEAEIRFCEHKRLNMATLRMTWEAKVQLKEILINSGFPEDCLLTQVFTNTGPDNNLDVVISLLAFGVYPNVCYHKEKRKILTTEGRNALIHKSSVNCPFSSQDMKYPSPFFVFGEKIRTRAISAKGMTLVTPLQLLLFASKKVQSDGQIVLVDDWIKLQISHEAAACITGLRAAMEALVVEVTKQPAIISQLDPVNERMLNMIRQISRPSAAGINLMIGSTRYGDGPRPPKMARYDNGSGYRRGGSSYSGGGYGGGYSSGGYGSGGYGGSANSFRAGYGAGVGGGYRGVSRGGFRGNSGGDYRGPSGGYRGSGGFQRGGGRGAYGTGYFGQGRGGGGY,HLALKAENNSEVGASGYGVPGPTWDRGANLKDYYSRKEEQEVQATLESEEVDLNAGLHGNW,iPTMnet
Q09666,1208,Kme,PMID:24129315,human,MEKEETTRELLLPNWQGSGSHGLTIAQRDDGVFVQEVTQNSPAARTGVVKEGDQIVGATIYFDNLQSGEVTQLLNTMGHHTVGLKLHRKGDRSPEPGQTWTREVFSSCSSEVVLSGDDEEYQRIYTTKIKPRLKSEDGVEGDLGETQSRTITVTRRVTAYTVDVTGREGAKDIDISSPEFKIKIPRHELTEISNVDVETQSGKTVIRLPSGSGAASPTGSAVDIRAGAISASGPELQGAGHSKLQVTMPGIKVGGSGVNVNAKGLDLGGRGGVQVPAVDISSSLGGRAVEVQGPSLESGDHGKIKFPTMKVPKFGVSTGREGQTPKAGLRVSAPEVSVGHKGGKPGLTIQAPQLEVSVPSANIEGLEGKLKGPQITGPSLEGDLGLKGAKPQGHIGVDASAPQIGGSITGPSVEVQAPDIDVQGPGSKLNVPKMKVPKFSVSGAKGEETGIDVTLPTGEVTVPGVSGDVSLPEIATGGLEGKMKGTKVKTPEMIIQKPKISMQDVDLSLGSPKLKGDIKVSAPGVQGDVKGPQVALKGSRVDIETPNLEGTLTGPRLGSPSGKTGTCRISMSEVDLNVAAPKVKGGVDVTLPRVEGKVKVPEVDVRGPKVDVSAPDVEAHGPEWNLKMPKMKMPTFSTPGAKGEGPDVHMTLPKGDISISGPKVNVEAPDVNLEGLGGKLKGPDVKLPDMSVKTPKISMPDVDLHVKGTKVKGEYDVTVPKLEGELKGPKVDIDAPDVDVHGPDWHLKMPKMKMPKFSVPGFKAEGPEVDVNLPKADVDISGPKIDVTAPDVSIEEPEGKLKGPKFKMPEMNIKVPKISMPDVDLHLKGPNVKGEYDVTMPKVESEIKVPDVELKSAKMDIDVPDVEVQGPDWHLKMPKMKMPKFSMPGFKAEGPEVDVNLPKADVDISGPKVGVEVPDVNIEGPEGKLKGPKFKMPEMNIKAPKISMPDVDLHMKGPKVKGEYDMTVPKLEGDLKGPKVDVSAPDVEMQGPDWNLKMPKIKMPKFSMPSLKGEGPEFDVNLSKANVDISAPKVDTNAPDLSLEGPEGKLKGPKFKMPEMHFRAPKMSLPDVDLDLKGPKMKGNVDISAPKIEGEMQVPDVDIRGPKVDIKAPDVEGQGLDWSLKIPKMKMPKFSMPSLKGEGPEVDVNLPKADVVVSGPKVDIEAPDVSLEGPEGKLKGPKFKMPEMHFKTPKISMPDVDLHLKGPKVKGDVDVSVPKVEGEMKVPDVEIKGPKMDIDAPDVEVQGPDWHLKMPKMKMPKFSMPGFKGEGREVDVNLPKADIDVSGPKVDVEVPDVSLEGPEGKLKGPKFKMPEMHFKAPKISMPDVDLNLKGPKLKGDVDVSLPEVEGEMKVPDVDIKGPKVDISAPDVDVHGPDWHLKMPKVKMPKFSMPGFKGEGPEVDVKLPKADVDVSGPKMDAEVPDVNIEGPDAKLKGPKFKMPEMSIKPQKISIPDVGLHLKGPKMKGDYDVTVPKVEGEIKAPDVDIKGPKVDINAPDVEVHGPDWHLKMPKVKMPKFSMPGFKGEGPEVDMNLPKADLGVSGPKVDIDVPDVNLEAPEGKLKGPKFKMPSMNIQTHKISMPDVGLNLKAPKLKTDVDVSLPKVEGDLKGPEIDVKAPKMDVNVGDIDIEGPEGKLKGPKFKMPEMHFKAPKISMPDVDLHLKGPKVKGDMDVSVPKVEGEMKVPDVDIKGPKVDIDAPDVEVHDPDWHLKMPKMKMPKFSMPGFKAEGPEVDVNLPKADIDVSGPSVDTDAPDLDIEGPEGKLKGSKFKMPKLNIKAPKVSMPDVDLNLKGPKLKGEIDASVPELEGDLRGPQVDVKGPFVEAEVPDVDLECPDAKLKGPKFKMPEMHFKAPKISMPDVDLHLKGPKVKGDADVSVPKLEGDLTGPSVGVEVPDVELECPDAKLKGPKFKMPDMHFKAPKISMPDVDLHLKGPKVKGDVDVSVPKLEGDLTGPSVGVEVPDVELECPDAKLKGPKFKMPEMHFKTPKISMPDVDLHLKGPKVKGDMDVSVPKVEGEMKVPDVDIKGPKMDIDAPDVDVHGPDWHLKMPKMKMPKFSMPGFKAEGPEVDVNLPKADVVVSGPKVDVEVPDVSLEGPEGKLKGPKLKMPEMHFKAPKISMPDVDLHLKGPKVKGDVDVSLPKLEGDLTGPSVDVEVPDVELECPDAKLKGPKFKMPEMHFKTPKISMPDVNLNLKGPKVKGDMDVSVPKVEGEMKVPDVDIRGPKVDIDAPDVDVHGPDWHLKMPKMKMPKFSMPGFKGEGPEVDVNLPKADVDVSGPKVDVEVPDVSLEGPEGKLKGPKFKMPEMHFKTPKISMPDVDFNLKGPKIKGDVDVSAPKLEGELKGPELDVKGPKLDADMPEVAVEGPNGKWKTPKFKMPDMHFKAPKISMPDLDLHLKSPKAKGEVDVDVPKLEGDLKGPHVDVSGPDIDIEGPEGKLKGPKFKMPDMHFKAPNISMPDVDLNLKGPKIKGDVDVSVPEVEGKLEVPDMNIRGPKVDVNAPDVQAPDWHLKMPKMKMPKFSMPGFKAEGPEVDVNLPKADVDISGPKVDIEGPDVNIEGPEGKLKGPKLKMPEMNIKAPKISMPDFDLHLKGPKVKGDVDVSLPKVEGDLKGPEVDIKGPKVDINAPDVGVQGPDWHLKMPKVKMPKFSMPGFKGEGPDGDVKLPKADIDVSGPKVDIEGPDVNIEGPEGKLKGPKFKMPEMNIKAPKISMPDIDLNLKGPKVKGDVDVSLPKVEGDLKGPEVDIKGPKVDIDAPDVDVHGPDWHLKMPKIKMPKISMPGFKGEGPDVDVNLPKADIDVSGPKVDVECPDVNIEGPEGKWKSPKFKMPEMHFKTPKISMPDIDLNLTGPKIKGDVDVTGPKVEGDLKGPEVDLKGPKVDIDVPDVNVQGPDWHLKMPKMKMPKFSMPGFKAEGPEVDVNLPKADVDVSGPKVDVEGPDVNIEGPEGKLKGPKFKMPEMNIKAPKIPMPDFDLHLKGPKVKGDVDISLPKVEGDLKGPEVDIRGPQVDIDVPDVGVQGPDWHLKMPKVKMPKFSMPGFKGEGPDVDVNLPKADLDVSGPKVDIDVPDVNIEGPEGKLKGPKFKMPEMNIKAPKISMPDIDLNLKGPKVKGDMDVSLPKVEGDMKVPDVDIKGPKVDINAPDVDVQGPDWHLKMPKIKMPKISMPGFKGEGPEVDVNLPKADLDVSGPKVDVDVPDVNIEGPDAKLKGPKFKMPEMNIKAPKISMPDLDLNLKGPKMKGEVDVSLANVEGDLKGPALDIKGPKIDVDAPDIDIHGPDAKLKGPKLKMPDMHVNMPKISMPEIDLNLKGSKLKGDVDVSGPKLEGDIKAPSLDIKGPEVDVSGPKLNIEGKSKKSRFKLPKFNFSGSKVQTPEVDVKGKKPDIDITGPKVDINAPDVEVQGKVKGSKFKMPFLSISSPKVSMPDVELNLKSPKVKGDLDIAGPNLEGDFKGPKVDIKAPEVNLNAPDVDVHGPDWNLKMPKMKMPKFSVSGLKAEGPDVAVDLPKGDINIEGPSMNIEGPDLNVEGPEGGLKGPKFKMPDMNIKAPKISMPDIDLNLKGPKVKGDVDISLPKLEGDLKGPEVDIKGPKVDINAPDVDVHGPDWHLKMPKVKMPKFSMPGFKGEGPEVDVTLPKADIDISGPNVDVDVPDVNIEGPDAKLKGPKFKMPEMNIKAPKISMPDFDLNLKGPKMKGDVVVSLPKVEGDLKGPEVDIKGPKVDIDTPDINIEGSEGKFKGPKFKIPEMHLKAPKISMPDIDLNLKGPKVKGDVDVSLPKMEGDLKGPEVDIKGPKVDINAPDVDVQGPDWHLKMPKVKMPKFSMPGFKGEGPDVDVNLPKADLDVSGPKVDIDVPDVNIEGPEGKLKGPKFKMPEMNIKAPKISMPDIDLNLKGPKVKGDMDVSLPKVEGDMQVPDLDIKGPKVDINAPDVDVRGPDWHLKMPKIKMPKISMPGFKGEGPEVDVNLPKADLDVSGPKVDVDVPDVNIEGPDAKLKGPKFKMPEMNIKAPKISMPDFDLHLKGPKVKGDVDVSLPKMEGDLKAPEVDIKGPKVDIDAPDVDVHGPDWHLKMPKVKMPKFSMPGFKGEGPEVDVNLPKADIDVSGPKVDIDTPDIDIHGPEGKLKGPKFKMPDLHLKAPKISMPEVDLNLKGPKMKGDVDVSLPKVEGDLKGPEVDIKGPKVDIDVPDVDVQGPDWHLKMPKVKMPKFSMPGFKGEGPDVDVNLPKADLDVSGPKVDIDVPDVNIEGPDAKLKGPKFKMPEMNIKAPKISMPDFDLHLKGPKVKGDVDVSLPKVEGDLKGPEVDIKGPKVDIDAPDVDVHGPDWHLKMPKVKMPKFSMPGFKGEGPDVDVTLPKADIEISGPKVDIDAPDVSIEGPDAKLKGPKFKMPEMNIKAPKISMPDIDFNLKGPKVKGDVDVSLPKVEGDLKGPEIDIKGPSLDIDTPDVNIEGPEGKLKGPKFKMPEMNIKAPKISMPDFDLHLKGPKVKGDVDVSLPKVESDLKGPEVDIEGPEGKLKGPKFKMPDVHFKSPQISMSDIDLNLKGPKIKGDMDISVPKLEGDLKGPKVDVKGPKVGIDTPDIDIHGPEGKLKGPKFKMPDLHLKAPKISMPEVDLNLKGPKVKGDMDISLPKVEGDLKGPEVDIRDPKVDIDVPDVDVQGPDWHLKMPKVKMPKFSMPGFKGEGPDVDVNLPKADIDVSGPKVDVDVPDVNIEGPDAKLKGPKFKMPEMSIKAPKISMPDIDLNLKGPKVKGDVDVTLPKVEGDLKGPEADIKGPKVDINTPDVDVHGPDWHLKMPKVKMPKFSMPGFKGEGPDVDVSLPKADIDVSGPKVDVDIPDVNIEGPDAKLKGPKFKMPEINIKAPKISIPDVDLDLKGPKVKGDFDVSVPKVEGTLKGPEVDLKGPRLDFEGPDAKLSGPSLKMPSLEISAPKVTAPDVDLHLKAPKIGFSGPKLEGGEVDLKGPKVEAPSLDVHMDSPDINIEGPDVKIPKFKKPKFGFGAKSPKADIKSPSLDVTVPEAELNLETPEISVGGKGKKSKFKMPKIHMSGPKIKAKKQGFDLNVPGGEIDASLKAPDVDVNIAGPDAALKVDVKSPKTKKTMFGKMYFPDVEFDIKSPKFKAEAPLPSPKLEGELQAPDLELSLPAIHVEGLDIKAKAPKVKMPDVDISVPKIEGDLKGPKVQANLGAPDINIEGLDAKVKTPSFGISAPQVSIPDVNVNLKGPKIKGDVPSVGLEGPDVDLQGPEAKIKFPKFSMPKIGIPGVKMEGGGAEVHAQLPSLEGDLRGPDVKLEGPDVSLKGPGVDLPSVNLSMPKVSGPDLDLNLKGPSLKGDLDASVPSMKVHAPGLNLSGVGGKMQVGGDGVKVPGIDATTKLNVGAPDVTLRGPSLQGDLAVSGDIKCPKVSVGAPDLSLEASEGSIKLPKMKLPQFGISTPGSDLHVNAKGPQVSGELKGPGVDVNLKGPRISAPNVDFNLEGPKVKGSLGATGEIKGPTVGGGLPGIGVQGLEGNLQMPGIKSSGCDVNLPGVNVKLPTGQISGPEIKGGLKGSEVGFHGAAPDISVKGPAFNMASPESDFGINLKGPKIKGGADVSGGVSAPDISLGEGHLSVKGSGGEWKGPQVSSALNLDTSKFAGGLHFSGPKVEGGVKGGQIGLQAPGLSVSGPQGHLESGSGKVTFPKMKIPKFTFSGRELVGREMGVDVHFPKAEASIQAGAGDGEWEESEVKLKKSKIKMPKFNFSKPKGKGGVTGSPEASISGSKGDLKSSKASLGSLEGEAEAEASSPKGKFSLFKSKKPRHRSNSFSDEREFSGPSTPTGTLEFEGGEVSLEGGKVKGKHGKLKFGTFGGLGSKSKGHYEVTGSDDETGKLQGSGVSLASKKSRLSSSSSNDSGNKVGIQLPEVELSVSTKKE,LKGPKFKMPEMHFKTPKISMPDVDLHLKGPKVKGDVDVSVPKVEGEMKVPDVEIKGPKMDI,iPTMnet
Q09666,1666,Kme,PMID:24129315,human,MEKEETTRELLLPNWQGSGSHGLTIAQRDDGVFVQEVTQNSPAARTGVVKEGDQIVGATIYFDNLQSGEVTQLLNTMGHHTVGLKLHRKGDRSPEPGQTWTREVFSSCSSEVVLSGDDEEYQRIYTTKIKPRLKSEDGVEGDLGETQSRTITVTRRVTAYTVDVTGREGAKDIDISSPEFKIKIPRHELTEISNVDVETQSGKTVIRLPSGSGAASPTGSAVDIRAGAISASGPELQGAGHSKLQVTMPGIKVGGSGVNVNAKGLDLGGRGGVQVPAVDISSSLGGRAVEVQGPSLESGDHGKIKFPTMKVPKFGVSTGREGQTPKAGLRVSAPEVSVGHKGGKPGLTIQAPQLEVSVPSANIEGLEGKLKGPQITGPSLEGDLGLKGAKPQGHIGVDASAPQIGGSITGPSVEVQAPDIDVQGPGSKLNVPKMKVPKFSVSGAKGEETGIDVTLPTGEVTVPGVSGDVSLPEIATGGLEGKMKGTKVKTPEMIIQKPKISMQDVDLSLGSPKLKGDIKVSAPGVQGDVKGPQVALKGSRVDIETPNLEGTLTGPRLGSPSGKTGTCRISMSEVDLNVAAPKVKGGVDVTLPRVEGKVKVPEVDVRGPKVDVSAPDVEAHGPEWNLKMPKMKMPTFSTPGAKGEGPDVHMTLPKGDISISGPKVNVEAPDVNLEGLGGKLKGPDVKLPDMSVKTPKISMPDVDLHVKGTKVKGEYDVTVPKLEGELKGPKVDIDAPDVDVHGPDWHLKMPKMKMPKFSVPGFKAEGPEVDVNLPKADVDISGPKIDVTAPDVSIEEPEGKLKGPKFKMPEMNIKVPKISMPDVDLHLKGPNVKGEYDVTMPKVESEIKVPDVELKSAKMDIDVPDVEVQGPDWHLKMPKMKMPKFSMPGFKAEGPEVDVNLPKADVDISGPKVGVEVPDVNIEGPEGKLKGPKFKMPEMNIKAPKISMPDVDLHMKGPKVKGEYDMTVPKLEGDLKGPKVDVSAPDVEMQGPDWNLKMPKIKMPKFSMPSLKGEGPEFDVNLSKANVDISAPKVDTNAPDLSLEGPEGKLKGPKFKMPEMHFRAPKMSLPDVDLDLKGPKMKGNVDISAPKIEGEMQVPDVDIRGPKVDIKAPDVEGQGLDWSLKIPKMKMPKFSMPSLKGEGPEVDVNLPKADVVVSGPKVDIEAPDVSLEGPEGKLKGPKFKMPEMHFKTPKISMPDVDLHLKGPKVKGDVDVSVPKVEGEMKVPDVEIKGPKMDIDAPDVEVQGPDWHLKMPKMKMPKFSMPGFKGEGREVDVNLPKADIDVSGPKVDVEVPDVSLEGPEGKLKGPKFKMPEMHFKAPKISMPDVDLNLKGPKLKGDVDVSLPEVEGEMKVPDVDIKGPKVDISAPDVDVHGPDWHLKMPKVKMPKFSMPGFKGEGPEVDVKLPKADVDVSGPKMDAEVPDVNIEGPDAKLKGPKFKMPEMSIKPQKISIPDVGLHLKGPKMKGDYDVTVPKVEGEIKAPDVDIKGPKVDINAPDVEVHGPDWHLKMPKVKMPKFSMPGFKGEGPEVDMNLPKADLGVSGPKVDIDVPDVNLEAPEGKLKGPKFKMPSMNIQTHKISMPDVGLNLKAPKLKTDVDVSLPKVEGDLKGPEIDVKAPKMDVNVGDIDIEGPEGKLKGPKFKMPEMHFKAPKISMPDVDLHLKGPKVKGDMDVSVPKVEGEMKVPDVDIKGPKVDIDAPDVEVHDPDWHLKMPKMKMPKFSMPGFKAEGPEVDVNLPKADIDVSGPSVDTDAPDLDIEGPEGKLKGSKFKMPKLNIKAPKVSMPDVDLNLKGPKLKGEIDASVPELEGDLRGPQVDVKGPFVEAEVPDVDLECPDAKLKGPKFKMPEMHFKAPKISMPDVDLHLKGPKVKGDADVSVPKLEGDLTGPSVGVEVPDVELECPDAKLKGPKFKMPDMHFKAPKISMPDVDLHLKGPKVKGDVDVSVPKLEGDLTGPSVGVEVPDVELECPDAKLKGPKFKMPEMHFKTPKISMPDVDLHLKGPKVKGDMDVSVPKVEGEMKVPDVDIKGPKMDIDAPDVDVHGPDWHLKMPKMKMPKFSMPGFKAEGPEVDVNLPKADVVVSGPKVDVEVPDVSLEGPEGKLKGPKLKMPEMHFKAPKISMPDVDLHLKGPKVKGDVDVSLPKLEGDLTGPSVDVEVPDVELECPDAKLKGPKFKMPEMHFKTPKISMPDVNLNLKGPKVKGDMDVSVPKVEGEMKVPDVDIRGPKVDIDAPDVDVHGPDWHLKMPKMKMPKFSMPGFKGEGPEVDVNLPKADVDVSGPKVDVEVPDVSLEGPEGKLKGPKFKMPEMHFKTPKISMPDVDFNLKGPKIKGDVDVSAPKLEGELKGPELDVKGPKLDADMPEVAVEGPNGKWKTPKFKMPDMHFKAPKISMPDLDLHLKSPKAKGEVDVDVPKLEGDLKGPHVDVSGPDIDIEGPEGKLKGPKFKMPDMHFKAPNISMPDVDLNLKGPKIKGDVDVSVPEVEGKLEVPDMNIRGPKVDVNAPDVQAPDWHLKMPKMKMPKFSMPGFKAEGPEVDVNLPKADVDISGPKVDIEGPDVNIEGPEGKLKGPKLKMPEMNIKAPKISMPDFDLHLKGPKVKGDVDVSLPKVEGDLKGPEVDIKGPKVDINAPDVGVQGPDWHLKMPKVKMPKFSMPGFKGEGPDGDVKLPKADIDVSGPKVDIEGPDVNIEGPEGKLKGPKFKMPEMNIKAPKISMPDIDLNLKGPKVKGDVDVSLPKVEGDLKGPEVDIKGPKVDIDAPDVDVHGPDWHLKMPKIKMPKISMPGFKGEGPDVDVNLPKADIDVSGPKVDVECPDVNIEGPEGKWKSPKFKMPEMHFKTPKISMPDIDLNLTGPKIKGDVDVTGPKVEGDLKGPEVDLKGPKVDIDVPDVNVQGPDWHLKMPKMKMPKFSMPGFKAEGPEVDVNLPKADVDVSGPKVDVEGPDVNIEGPEGKLKGPKFKMPEMNIKAPKIPMPDFDLHLKGPKVKGDVDISLPKVEGDLKGPEVDIRGPQVDIDVPDVGVQGPDWHLKMPKVKMPKFSMPGFKGEGPDVDVNLPKADLDVSGPKVDIDVPDVNIEGPEGKLKGPKFKMPEMNIKAPKISMPDIDLNLKGPKVKGDMDVSLPKVEGDMKVPDVDIKGPKVDINAPDVDVQGPDWHLKMPKIKMPKISMPGFKGEGPEVDVNLPKADLDVSGPKVDVDVPDVNIEGPDAKLKGPKFKMPEMNIKAPKISMPDLDLNLKGPKMKGEVDVSLANVEGDLKGPALDIKGPKIDVDAPDIDIHGPDAKLKGPKLKMPDMHVNMPKISMPEIDLNLKGSKLKGDVDVSGPKLEGDIKAPSLDIKGPEVDVSGPKLNIEGKSKKSRFKLPKFNFSGSKVQTPEVDVKGKKPDIDITGPKVDINAPDVEVQGKVKGSKFKMPFLSISSPKVSMPDVELNLKSPKVKGDLDIAGPNLEGDFKGPKVDIKAPEVNLNAPDVDVHGPDWNLKMPKMKMPKFSVSGLKAEGPDVAVDLPKGDINIEGPSMNIEGPDLNVEGPEGGLKGPKFKMPDMNIKAPKISMPDIDLNLKGPKVKGDVDISLPKLEGDLKGPEVDIKGPKVDINAPDVDVHGPDWHLKMPKVKMPKFSMPGFKGEGPEVDVTLPKADIDISGPNVDVDVPDVNIEGPDAKLKGPKFKMPEMNIKAPKISMPDFDLNLKGPKMKGDVVVSLPKVEGDLKGPEVDIKGPKVDIDTPDINIEGSEGKFKGPKFKIPEMHLKAPKISMPDIDLNLKGPKVKGDVDVSLPKMEGDLKGPEVDIKGPKVDINAPDVDVQGPDWHLKMPKVKMPKFSMPGFKGEGPDVDVNLPKADLDVSGPKVDIDVPDVNIEGPEGKLKGPKFKMPEMNIKAPKISMPDIDLNLKGPKVKGDMDVSLPKVEGDMQVPDLDIKGPKVDINAPDVDVRGPDWHLKMPKIKMPKISMPGFKGEGPEVDVNLPKADLDVSGPKVDVDVPDVNIEGPDAKLKGPKFKMPEMNIKAPKISMPDFDLHLKGPKVKGDVDVSLPKMEGDLKAPEVDIKGPKVDIDAPDVDVHGPDWHLKMPKVKMPKFSMPGFKGEGPEVDVNLPKADIDVSGPKVDIDTPDIDIHGPEGKLKGPKFKMPDLHLKAPKISMPEVDLNLKGPKMKGDVDVSLPKVEGDLKGPEVDIKGPKVDIDVPDVDVQGPDWHLKMPKVKMPKFSMPGFKGEGPDVDVNLPKADLDVSGPKVDIDVPDVNIEGPDAKLKGPKFKMPEMNIKAPKISMPDFDLHLKGPKVKGDVDVSLPKVEGDLKGPEVDIKGPKVDIDAPDVDVHGPDWHLKMPKVKMPKFSMPGFKGEGPDVDVTLPKADIEISGPKVDIDAPDVSIEGPDAKLKGPKFKMPEMNIKAPKISMPDIDFNLKGPKVKGDVDVSLPKVEGDLKGPEIDIKGPSLDIDTPDVNIEGPEGKLKGPKFKMPEMNIKAPKISMPDFDLHLKGPKVKGDVDVSLPKVESDLKGPEVDIEGPEGKLKGPKFKMPDVHFKSPQISMSDIDLNLKGPKIKGDMDISVPKLEGDLKGPKVDVKGPKVGIDTPDIDIHGPEGKLKGPKFKMPDLHLKAPKISMPEVDLNLKGPKVKGDMDISLPKVEGDLKGPEVDIRDPKVDIDVPDVDVQGPDWHLKMPKVKMPKFSMPGFKGEGPDVDVNLPKADIDVSGPKVDVDVPDVNIEGPDAKLKGPKFKMPEMSIKAPKISMPDIDLNLKGPKVKGDVDVTLPKVEGDLKGPEADIKGPKVDINTPDVDVHGPDWHLKMPKVKMPKFSMPGFKGEGPDVDVSLPKADIDVSGPKVDVDIPDVNIEGPDAKLKGPKFKMPEINIKAPKISIPDVDLDLKGPKVKGDFDVSVPKVEGTLKGPEVDLKGPRLDFEGPDAKLSGPSLKMPSLEISAPKVTAPDVDLHLKAPKIGFSGPKLEGGEVDLKGPKVEAPSLDVHMDSPDINIEGPDVKIPKFKKPKFGFGAKSPKADIKSPSLDVTVPEAELNLETPEISVGGKGKKSKFKMPKIHMSGPKIKAKKQGFDLNVPGGEIDASLKAPDVDVNIAGPDAALKVDVKSPKTKKTMFGKMYFPDVEFDIKSPKFKAEAPLPSPKLEGELQAPDLELSLPAIHVEGLDIKAKAPKVKMPDVDISVPKIEGDLKGPKVQANLGAPDINIEGLDAKVKTPSFGISAPQVSIPDVNVNLKGPKIKGDVPSVGLEGPDVDLQGPEAKIKFPKFSMPKIGIPGVKMEGGGAEVHAQLPSLEGDLRGPDVKLEGPDVSLKGPGVDLPSVNLSMPKVSGPDLDLNLKGPSLKGDLDASVPSMKVHAPGLNLSGVGGKMQVGGDGVKVPGIDATTKLNVGAPDVTLRGPSLQGDLAVSGDIKCPKVSVGAPDLSLEASEGSIKLPKMKLPQFGISTPGSDLHVNAKGPQVSGELKGPGVDVNLKGPRISAPNVDFNLEGPKVKGSLGATGEIKGPTVGGGLPGIGVQGLEGNLQMPGIKSSGCDVNLPGVNVKLPTGQISGPEIKGGLKGSEVGFHGAAPDISVKGPAFNMASPESDFGINLKGPKIKGGADVSGGVSAPDISLGEGHLSVKGSGGEWKGPQVSSALNLDTSKFAGGLHFSGPKVEGGVKGGQIGLQAPGLSVSGPQGHLESGSGKVTFPKMKIPKFTFSGRELVGREMGVDVHFPKAEASIQAGAGDGEWEESEVKLKKSKIKMPKFNFSKPKGKGGVTGSPEASISGSKGDLKSSKASLGSLEGEAEAEASSPKGKFSLFKSKKPRHRSNSFSDEREFSGPSTPTGTLEFEGGEVSLEGGKVKGKHGKLKFGTFGGLGSKSKGHYEVTGSDDETGKLQGSGVSLASKKSRLSSSSSNDSGNKVGIQLPEVELSVSTKKE,LKGPKFKMPEMHFKAPKISMPDVDLHLKGPKVKGDMDVSVPKVEGEMKVPDVDIKGPKVDI,iPTMnet
Q09666,1868,Kme,PMID:24129315,human,MEKEETTRELLLPNWQGSGSHGLTIAQRDDGVFVQEVTQNSPAARTGVVKEGDQIVGATIYFDNLQSGEVTQLLNTMGHHTVGLKLHRKGDRSPEPGQTWTREVFSSCSSEVVLSGDDEEYQRIYTTKIKPRLKSEDGVEGDLGETQSRTITVTRRVTAYTVDVTGREGAKDIDISSPEFKIKIPRHELTEISNVDVETQSGKTVIRLPSGSGAASPTGSAVDIRAGAISASGPELQGAGHSKLQVTMPGIKVGGSGVNVNAKGLDLGGRGGVQVPAVDISSSLGGRAVEVQGPSLESGDHGKIKFPTMKVPKFGVSTGREGQTPKAGLRVSAPEVSVGHKGGKPGLTIQAPQLEVSVPSANIEGLEGKLKGPQITGPSLEGDLGLKGAKPQGHIGVDASAPQIGGSITGPSVEVQAPDIDVQGPGSKLNVPKMKVPKFSVSGAKGEETGIDVTLPTGEVTVPGVSGDVSLPEIATGGLEGKMKGTKVKTPEMIIQKPKISMQDVDLSLGSPKLKGDIKVSAPGVQGDVKGPQVALKGSRVDIETPNLEGTLTGPRLGSPSGKTGTCRISMSEVDLNVAAPKVKGGVDVTLPRVEGKVKVPEVDVRGPKVDVSAPDVEAHGPEWNLKMPKMKMPTFSTPGAKGEGPDVHMTLPKGDISISGPKVNVEAPDVNLEGLGGKLKGPDVKLPDMSVKTPKISMPDVDLHVKGTKVKGEYDVTVPKLEGELKGPKVDIDAPDVDVHGPDWHLKMPKMKMPKFSVPGFKAEGPEVDVNLPKADVDISGPKIDVTAPDVSIEEPEGKLKGPKFKMPEMNIKVPKISMPDVDLHLKGPNVKGEYDVTMPKVESEIKVPDVELKSAKMDIDVPDVEVQGPDWHLKMPKMKMPKFSMPGFKAEGPEVDVNLPKADVDISGPKVGVEVPDVNIEGPEGKLKGPKFKMPEMNIKAPKISMPDVDLHMKGPKVKGEYDMTVPKLEGDLKGPKVDVSAPDVEMQGPDWNLKMPKIKMPKFSMPSLKGEGPEFDVNLSKANVDISAPKVDTNAPDLSLEGPEGKLKGPKFKMPEMHFRAPKMSLPDVDLDLKGPKMKGNVDISAPKIEGEMQVPDVDIRGPKVDIKAPDVEGQGLDWSLKIPKMKMPKFSMPSLKGEGPEVDVNLPKADVVVSGPKVDIEAPDVSLEGPEGKLKGPKFKMPEMHFKTPKISMPDVDLHLKGPKVKGDVDVSVPKVEGEMKVPDVEIKGPKMDIDAPDVEVQGPDWHLKMPKMKMPKFSMPGFKGEGREVDVNLPKADIDVSGPKVDVEVPDVSLEGPEGKLKGPKFKMPEMHFKAPKISMPDVDLNLKGPKLKGDVDVSLPEVEGEMKVPDVDIKGPKVDISAPDVDVHGPDWHLKMPKVKMPKFSMPGFKGEGPEVDVKLPKADVDVSGPKMDAEVPDVNIEGPDAKLKGPKFKMPEMSIKPQKISIPDVGLHLKGPKMKGDYDVTVPKVEGEIKAPDVDIKGPKVDINAPDVEVHGPDWHLKMPKVKMPKFSMPGFKGEGPEVDMNLPKADLGVSGPKVDIDVPDVNLEAPEGKLKGPKFKMPSMNIQTHKISMPDVGLNLKAPKLKTDVDVSLPKVEGDLKGPEIDVKAPKMDVNVGDIDIEGPEGKLKGPKFKMPEMHFKAPKISMPDVDLHLKGPKVKGDMDVSVPKVEGEMKVPDVDIKGPKVDIDAPDVEVHDPDWHLKMPKMKMPKFSMPGFKAEGPEVDVNLPKADIDVSGPSVDTDAPDLDIEGPEGKLKGSKFKMPKLNIKAPKVSMPDVDLNLKGPKLKGEIDASVPELEGDLRGPQVDVKGPFVEAEVPDVDLECPDAKLKGPKFKMPEMHFKAPKISMPDVDLHLKGPKVKGDADVSVPKLEGDLTGPSVGVEVPDVELECPDAKLKGPKFKMPDMHFKAPKISMPDVDLHLKGPKVKGDVDVSVPKLEGDLTGPSVGVEVPDVELECPDAKLKGPKFKMPEMHFKTPKISMPDVDLHLKGPKVKGDMDVSVPKVEGEMKVPDVDIKGPKMDIDAPDVDVHGPDWHLKMPKMKMPKFSMPGFKAEGPEVDVNLPKADVVVSGPKVDVEVPDVSLEGPEGKLKGPKLKMPEMHFKAPKISMPDVDLHLKGPKVKGDVDVSLPKLEGDLTGPSVDVEVPDVELECPDAKLKGPKFKMPEMHFKTPKISMPDVNLNLKGPKVKGDMDVSVPKVEGEMKVPDVDIRGPKVDIDAPDVDVHGPDWHLKMPKMKMPKFSMPGFKGEGPEVDVNLPKADVDVSGPKVDVEVPDVSLEGPEGKLKGPKFKMPEMHFKTPKISMPDVDFNLKGPKIKGDVDVSAPKLEGELKGPELDVKGPKLDADMPEVAVEGPNGKWKTPKFKMPDMHFKAPKISMPDLDLHLKSPKAKGEVDVDVPKLEGDLKGPHVDVSGPDIDIEGPEGKLKGPKFKMPDMHFKAPNISMPDVDLNLKGPKIKGDVDVSVPEVEGKLEVPDMNIRGPKVDVNAPDVQAPDWHLKMPKMKMPKFSMPGFKAEGPEVDVNLPKADVDISGPKVDIEGPDVNIEGPEGKLKGPKLKMPEMNIKAPKISMPDFDLHLKGPKVKGDVDVSLPKVEGDLKGPEVDIKGPKVDINAPDVGVQGPDWHLKMPKVKMPKFSMPGFKGEGPDGDVKLPKADIDVSGPKVDIEGPDVNIEGPEGKLKGPKFKMPEMNIKAPKISMPDIDLNLKGPKVKGDVDVSLPKVEGDLKGPEVDIKGPKVDIDAPDVDVHGPDWHLKMPKIKMPKISMPGFKGEGPDVDVNLPKADIDVSGPKVDVECPDVNIEGPEGKWKSPKFKMPEMHFKTPKISMPDIDLNLTGPKIKGDVDVTGPKVEGDLKGPEVDLKGPKVDIDVPDVNVQGPDWHLKMPKMKMPKFSMPGFKAEGPEVDVNLPKADVDVSGPKVDVEGPDVNIEGPEGKLKGPKFKMPEMNIKAPKIPMPDFDLHLKGPKVKGDVDISLPKVEGDLKGPEVDIRGPQVDIDVPDVGVQGPDWHLKMPKVKMPKFSMPGFKGEGPDVDVNLPKADLDVSGPKVDIDVPDVNIEGPEGKLKGPKFKMPEMNIKAPKISMPDIDLNLKGPKVKGDMDVSLPKVEGDMKVPDVDIKGPKVDINAPDVDVQGPDWHLKMPKIKMPKISMPGFKGEGPEVDVNLPKADLDVSGPKVDVDVPDVNIEGPDAKLKGPKFKMPEMNIKAPKISMPDLDLNLKGPKMKGEVDVSLANVEGDLKGPALDIKGPKIDVDAPDIDIHGPDAKLKGPKLKMPDMHVNMPKISMPEIDLNLKGSKLKGDVDVSGPKLEGDIKAPSLDIKGPEVDVSGPKLNIEGKSKKSRFKLPKFNFSGSKVQTPEVDVKGKKPDIDITGPKVDINAPDVEVQGKVKGSKFKMPFLSISSPKVSMPDVELNLKSPKVKGDLDIAGPNLEGDFKGPKVDIKAPEVNLNAPDVDVHGPDWNLKMPKMKMPKFSVSGLKAEGPDVAVDLPKGDINIEGPSMNIEGPDLNVEGPEGGLKGPKFKMPDMNIKAPKISMPDIDLNLKGPKVKGDVDISLPKLEGDLKGPEVDIKGPKVDINAPDVDVHGPDWHLKMPKVKMPKFSMPGFKGEGPEVDVTLPKADIDISGPNVDVDVPDVNIEGPDAKLKGPKFKMPEMNIKAPKISMPDFDLNLKGPKMKGDVVVSLPKVEGDLKGPEVDIKGPKVDIDTPDINIEGSEGKFKGPKFKIPEMHLKAPKISMPDIDLNLKGPKVKGDVDVSLPKMEGDLKGPEVDIKGPKVDINAPDVDVQGPDWHLKMPKVKMPKFSMPGFKGEGPDVDVNLPKADLDVSGPKVDIDVPDVNIEGPEGKLKGPKFKMPEMNIKAPKISMPDIDLNLKGPKVKGDMDVSLPKVEGDMQVPDLDIKGPKVDINAPDVDVRGPDWHLKMPKIKMPKISMPGFKGEGPEVDVNLPKADLDVSGPKVDVDVPDVNIEGPDAKLKGPKFKMPEMNIKAPKISMPDFDLHLKGPKVKGDVDVSLPKMEGDLKAPEVDIKGPKVDIDAPDVDVHGPDWHLKMPKVKMPKFSMPGFKGEGPEVDVNLPKADIDVSGPKVDIDTPDIDIHGPEGKLKGPKFKMPDLHLKAPKISMPEVDLNLKGPKMKGDVDVSLPKVEGDLKGPEVDIKGPKVDIDVPDVDVQGPDWHLKMPKVKMPKFSMPGFKGEGPDVDVNLPKADLDVSGPKVDIDVPDVNIEGPDAKLKGPKFKMPEMNIKAPKISMPDFDLHLKGPKVKGDVDVSLPKVEGDLKGPEVDIKGPKVDIDAPDVDVHGPDWHLKMPKVKMPKFSMPGFKGEGPDVDVTLPKADIEISGPKVDIDAPDVSIEGPDAKLKGPKFKMPEMNIKAPKISMPDIDFNLKGPKVKGDVDVSLPKVEGDLKGPEIDIKGPSLDIDTPDVNIEGPEGKLKGPKFKMPEMNIKAPKISMPDFDLHLKGPKVKGDVDVSLPKVESDLKGPEVDIEGPEGKLKGPKFKMPDVHFKSPQISMSDIDLNLKGPKIKGDMDISVPKLEGDLKGPKVDVKGPKVGIDTPDIDIHGPEGKLKGPKFKMPDLHLKAPKISMPEVDLNLKGPKVKGDMDISLPKVEGDLKGPEVDIRDPKVDIDVPDVDVQGPDWHLKMPKVKMPKFSMPGFKGEGPDVDVNLPKADIDVSGPKVDVDVPDVNIEGPDAKLKGPKFKMPEMSIKAPKISMPDIDLNLKGPKVKGDVDVTLPKVEGDLKGPEADIKGPKVDINTPDVDVHGPDWHLKMPKVKMPKFSMPGFKGEGPDVDVSLPKADIDVSGPKVDVDIPDVNIEGPDAKLKGPKFKMPEINIKAPKISIPDVDLDLKGPKVKGDFDVSVPKVEGTLKGPEVDLKGPRLDFEGPDAKLSGPSLKMPSLEISAPKVTAPDVDLHLKAPKIGFSGPKLEGGEVDLKGPKVEAPSLDVHMDSPDINIEGPDVKIPKFKKPKFGFGAKSPKADIKSPSLDVTVPEAELNLETPEISVGGKGKKSKFKMPKIHMSGPKIKAKKQGFDLNVPGGEIDASLKAPDVDVNIAGPDAALKVDVKSPKTKKTMFGKMYFPDVEFDIKSPKFKAEAPLPSPKLEGELQAPDLELSLPAIHVEGLDIKAKAPKVKMPDVDISVPKIEGDLKGPKVQANLGAPDINIEGLDAKVKTPSFGISAPQVSIPDVNVNLKGPKIKGDVPSVGLEGPDVDLQGPEAKIKFPKFSMPKIGIPGVKMEGGGAEVHAQLPSLEGDLRGPDVKLEGPDVSLKGPGVDLPSVNLSMPKVSGPDLDLNLKGPSLKGDLDASVPSMKVHAPGLNLSGVGGKMQVGGDGVKVPGIDATTKLNVGAPDVTLRGPSLQGDLAVSGDIKCPKVSVGAPDLSLEASEGSIKLPKMKLPQFGISTPGSDLHVNAKGPQVSGELKGPGVDVNLKGPRISAPNVDFNLEGPKVKGSLGATGEIKGPTVGGGLPGIGVQGLEGNLQMPGIKSSGCDVNLPGVNVKLPTGQISGPEIKGGLKGSEVGFHGAAPDISVKGPAFNMASPESDFGINLKGPKIKGGADVSGGVSAPDISLGEGHLSVKGSGGEWKGPQVSSALNLDTSKFAGGLHFSGPKVEGGVKGGQIGLQAPGLSVSGPQGHLESGSGKVTFPKMKIPKFTFSGRELVGREMGVDVHFPKAEASIQAGAGDGEWEESEVKLKKSKIKMPKFNFSKPKGKGGVTGSPEASISGSKGDLKSSKASLGSLEGEAEAEASSPKGKFSLFKSKKPRHRSNSFSDEREFSGPSTPTGTLEFEGGEVSLEGGKVKGKHGKLKFGTFGGLGSKSKGHYEVTGSDDETGKLQGSGVSLASKKSRLSSSSSNDSGNKVGIQLPEVELSVSTKKE,LKGPKFKMPEMHFKAPKISMPDVDLHLKGPKVKGDADVSVPKLEGDLTGPSVGVEVPDVEL,iPTMnet
Q09666,1935,Kme,PMID:24129315,human,MEKEETTRELLLPNWQGSGSHGLTIAQRDDGVFVQEVTQNSPAARTGVVKEGDQIVGATIYFDNLQSGEVTQLLNTMGHHTVGLKLHRKGDRSPEPGQTWTREVFSSCSSEVVLSGDDEEYQRIYTTKIKPRLKSEDGVEGDLGETQSRTITVTRRVTAYTVDVTGREGAKDIDISSPEFKIKIPRHELTEISNVDVETQSGKTVIRLPSGSGAASPTGSAVDIRAGAISASGPELQGAGHSKLQVTMPGIKVGGSGVNVNAKGLDLGGRGGVQVPAVDISSSLGGRAVEVQGPSLESGDHGKIKFPTMKVPKFGVSTGREGQTPKAGLRVSAPEVSVGHKGGKPGLTIQAPQLEVSVPSANIEGLEGKLKGPQITGPSLEGDLGLKGAKPQGHIGVDASAPQIGGSITGPSVEVQAPDIDVQGPGSKLNVPKMKVPKFSVSGAKGEETGIDVTLPTGEVTVPGVSGDVSLPEIATGGLEGKMKGTKVKTPEMIIQKPKISMQDVDLSLGSPKLKGDIKVSAPGVQGDVKGPQVALKGSRVDIETPNLEGTLTGPRLGSPSGKTGTCRISMSEVDLNVAAPKVKGGVDVTLPRVEGKVKVPEVDVRGPKVDVSAPDVEAHGPEWNLKMPKMKMPTFSTPGAKGEGPDVHMTLPKGDISISGPKVNVEAPDVNLEGLGGKLKGPDVKLPDMSVKTPKISMPDVDLHVKGTKVKGEYDVTVPKLEGELKGPKVDIDAPDVDVHGPDWHLKMPKMKMPKFSVPGFKAEGPEVDVNLPKADVDISGPKIDVTAPDVSIEEPEGKLKGPKFKMPEMNIKVPKISMPDVDLHLKGPNVKGEYDVTMPKVESEIKVPDVELKSAKMDIDVPDVEVQGPDWHLKMPKMKMPKFSMPGFKAEGPEVDVNLPKADVDISGPKVGVEVPDVNIEGPEGKLKGPKFKMPEMNIKAPKISMPDVDLHMKGPKVKGEYDMTVPKLEGDLKGPKVDVSAPDVEMQGPDWNLKMPKIKMPKFSMPSLKGEGPEFDVNLSKANVDISAPKVDTNAPDLSLEGPEGKLKGPKFKMPEMHFRAPKMSLPDVDLDLKGPKMKGNVDISAPKIEGEMQVPDVDIRGPKVDIKAPDVEGQGLDWSLKIPKMKMPKFSMPSLKGEGPEVDVNLPKADVVVSGPKVDIEAPDVSLEGPEGKLKGPKFKMPEMHFKTPKISMPDVDLHLKGPKVKGDVDVSVPKVEGEMKVPDVEIKGPKMDIDAPDVEVQGPDWHLKMPKMKMPKFSMPGFKGEGREVDVNLPKADIDVSGPKVDVEVPDVSLEGPEGKLKGPKFKMPEMHFKAPKISMPDVDLNLKGPKLKGDVDVSLPEVEGEMKVPDVDIKGPKVDISAPDVDVHGPDWHLKMPKVKMPKFSMPGFKGEGPEVDVKLPKADVDVSGPKMDAEVPDVNIEGPDAKLKGPKFKMPEMSIKPQKISIPDVGLHLKGPKMKGDYDVTVPKVEGEIKAPDVDIKGPKVDINAPDVEVHGPDWHLKMPKVKMPKFSMPGFKGEGPEVDMNLPKADLGVSGPKVDIDVPDVNLEAPEGKLKGPKFKMPSMNIQTHKISMPDVGLNLKAPKLKTDVDVSLPKVEGDLKGPEIDVKAPKMDVNVGDIDIEGPEGKLKGPKFKMPEMHFKAPKISMPDVDLHLKGPKVKGDMDVSVPKVEGEMKVPDVDIKGPKVDIDAPDVEVHDPDWHLKMPKMKMPKFSMPGFKAEGPEVDVNLPKADIDVSGPSVDTDAPDLDIEGPEGKLKGSKFKMPKLNIKAPKVSMPDVDLNLKGPKLKGEIDASVPELEGDLRGPQVDVKGPFVEAEVPDVDLECPDAKLKGPKFKMPEMHFKAPKISMPDVDLHLKGPKVKGDADVSVPKLEGDLTGPSVGVEVPDVELECPDAKLKGPKFKMPDMHFKAPKISMPDVDLHLKGPKVKGDVDVSVPKLEGDLTGPSVGVEVPDVELECPDAKLKGPKFKMPEMHFKTPKISMPDVDLHLKGPKVKGDMDVSVPKVEGEMKVPDVDIKGPKMDIDAPDVDVHGPDWHLKMPKMKMPKFSMPGFKAEGPEVDVNLPKADVVVSGPKVDVEVPDVSLEGPEGKLKGPKLKMPEMHFKAPKISMPDVDLHLKGPKVKGDVDVSLPKLEGDLTGPSVDVEVPDVELECPDAKLKGPKFKMPEMHFKTPKISMPDVNLNLKGPKVKGDMDVSVPKVEGEMKVPDVDIRGPKVDIDAPDVDVHGPDWHLKMPKMKMPKFSMPGFKGEGPEVDVNLPKADVDVSGPKVDVEVPDVSLEGPEGKLKGPKFKMPEMHFKTPKISMPDVDFNLKGPKIKGDVDVSAPKLEGELKGPELDVKGPKLDADMPEVAVEGPNGKWKTPKFKMPDMHFKAPKISMPDLDLHLKSPKAKGEVDVDVPKLEGDLKGPHVDVSGPDIDIEGPEGKLKGPKFKMPDMHFKAPNISMPDVDLNLKGPKIKGDVDVSVPEVEGKLEVPDMNIRGPKVDVNAPDVQAPDWHLKMPKMKMPKFSMPGFKAEGPEVDVNLPKADVDISGPKVDIEGPDVNIEGPEGKLKGPKLKMPEMNIKAPKISMPDFDLHLKGPKVKGDVDVSLPKVEGDLKGPEVDIKGPKVDINAPDVGVQGPDWHLKMPKVKMPKFSMPGFKGEGPDGDVKLPKADIDVSGPKVDIEGPDVNIEGPEGKLKGPKFKMPEMNIKAPKISMPDIDLNLKGPKVKGDVDVSLPKVEGDLKGPEVDIKGPKVDIDAPDVDVHGPDWHLKMPKIKMPKISMPGFKGEGPDVDVNLPKADIDVSGPKVDVECPDVNIEGPEGKWKSPKFKMPEMHFKTPKISMPDIDLNLTGPKIKGDVDVTGPKVEGDLKGPEVDLKGPKVDIDVPDVNVQGPDWHLKMPKMKMPKFSMPGFKAEGPEVDVNLPKADVDVSGPKVDVEGPDVNIEGPEGKLKGPKFKMPEMNIKAPKIPMPDFDLHLKGPKVKGDVDISLPKVEGDLKGPEVDIRGPQVDIDVPDVGVQGPDWHLKMPKVKMPKFSMPGFKGEGPDVDVNLPKADLDVSGPKVDIDVPDVNIEGPEGKLKGPKFKMPEMNIKAPKISMPDIDLNLKGPKVKGDMDVSLPKVEGDMKVPDVDIKGPKVDINAPDVDVQGPDWHLKMPKIKMPKISMPGFKGEGPEVDVNLPKADLDVSGPKVDVDVPDVNIEGPDAKLKGPKFKMPEMNIKAPKISMPDLDLNLKGPKMKGEVDVSLANVEGDLKGPALDIKGPKIDVDAPDIDIHGPDAKLKGPKLKMPDMHVNMPKISMPEIDLNLKGSKLKGDVDVSGPKLEGDIKAPSLDIKGPEVDVSGPKLNIEGKSKKSRFKLPKFNFSGSKVQTPEVDVKGKKPDIDITGPKVDINAPDVEVQGKVKGSKFKMPFLSISSPKVSMPDVELNLKSPKVKGDLDIAGPNLEGDFKGPKVDIKAPEVNLNAPDVDVHGPDWNLKMPKMKMPKFSVSGLKAEGPDVAVDLPKGDINIEGPSMNIEGPDLNVEGPEGGLKGPKFKMPDMNIKAPKISMPDIDLNLKGPKVKGDVDISLPKLEGDLKGPEVDIKGPKVDINAPDVDVHGPDWHLKMPKVKMPKFSMPGFKGEGPEVDVTLPKADIDISGPNVDVDVPDVNIEGPDAKLKGPKFKMPEMNIKAPKISMPDFDLNLKGPKMKGDVVVSLPKVEGDLKGPEVDIKGPKVDIDTPDINIEGSEGKFKGPKFKIPEMHLKAPKISMPDIDLNLKGPKVKGDVDVSLPKMEGDLKGPEVDIKGPKVDINAPDVDVQGPDWHLKMPKVKMPKFSMPGFKGEGPDVDVNLPKADLDVSGPKVDIDVPDVNIEGPEGKLKGPKFKMPEMNIKAPKISMPDIDLNLKGPKVKGDMDVSLPKVEGDMQVPDLDIKGPKVDINAPDVDVRGPDWHLKMPKIKMPKISMPGFKGEGPEVDVNLPKADLDVSGPKVDVDVPDVNIEGPDAKLKGPKFKMPEMNIKAPKISMPDFDLHLKGPKVKGDVDVSLPKMEGDLKAPEVDIKGPKVDIDAPDVDVHGPDWHLKMPKVKMPKFSMPGFKGEGPEVDVNLPKADIDVSGPKVDIDTPDIDIHGPEGKLKGPKFKMPDLHLKAPKISMPEVDLNLKGPKMKGDVDVSLPKVEGDLKGPEVDIKGPKVDIDVPDVDVQGPDWHLKMPKVKMPKFSMPGFKGEGPDVDVNLPKADLDVSGPKVDIDVPDVNIEGPDAKLKGPKFKMPEMNIKAPKISMPDFDLHLKGPKVKGDVDVSLPKVEGDLKGPEVDIKGPKVDIDAPDVDVHGPDWHLKMPKVKMPKFSMPGFKGEGPDVDVTLPKADIEISGPKVDIDAPDVSIEGPDAKLKGPKFKMPEMNIKAPKISMPDIDFNLKGPKVKGDVDVSLPKVEGDLKGPEIDIKGPSLDIDTPDVNIEGPEGKLKGPKFKMPEMNIKAPKISMPDFDLHLKGPKVKGDVDVSLPKVESDLKGPEVDIEGPEGKLKGPKFKMPDVHFKSPQISMSDIDLNLKGPKIKGDMDISVPKLEGDLKGPKVDVKGPKVGIDTPDIDIHGPEGKLKGPKFKMPDLHLKAPKISMPEVDLNLKGPKVKGDMDISLPKVEGDLKGPEVDIRDPKVDIDVPDVDVQGPDWHLKMPKVKMPKFSMPGFKGEGPDVDVNLPKADIDVSGPKVDVDVPDVNIEGPDAKLKGPKFKMPEMSIKAPKISMPDIDLNLKGPKVKGDVDVTLPKVEGDLKGPEADIKGPKVDINTPDVDVHGPDWHLKMPKVKMPKFSMPGFKGEGPDVDVSLPKADIDVSGPKVDVDIPDVNIEGPDAKLKGPKFKMPEINIKAPKISIPDVDLDLKGPKVKGDFDVSVPKVEGTLKGPEVDLKGPRLDFEGPDAKLSGPSLKMPSLEISAPKVTAPDVDLHLKAPKIGFSGPKLEGGEVDLKGPKVEAPSLDVHMDSPDINIEGPDVKIPKFKKPKFGFGAKSPKADIKSPSLDVTVPEAELNLETPEISVGGKGKKSKFKMPKIHMSGPKIKAKKQGFDLNVPGGEIDASLKAPDVDVNIAGPDAALKVDVKSPKTKKTMFGKMYFPDVEFDIKSPKFKAEAPLPSPKLEGELQAPDLELSLPAIHVEGLDIKAKAPKVKMPDVDISVPKIEGDLKGPKVQANLGAPDINIEGLDAKVKTPSFGISAPQVSIPDVNVNLKGPKIKGDVPSVGLEGPDVDLQGPEAKIKFPKFSMPKIGIPGVKMEGGGAEVHAQLPSLEGDLRGPDVKLEGPDVSLKGPGVDLPSVNLSMPKVSGPDLDLNLKGPSLKGDLDASVPSMKVHAPGLNLSGVGGKMQVGGDGVKVPGIDATTKLNVGAPDVTLRGPSLQGDLAVSGDIKCPKVSVGAPDLSLEASEGSIKLPKMKLPQFGISTPGSDLHVNAKGPQVSGELKGPGVDVNLKGPRISAPNVDFNLEGPKVKGSLGATGEIKGPTVGGGLPGIGVQGLEGNLQMPGIKSSGCDVNLPGVNVKLPTGQISGPEIKGGLKGSEVGFHGAAPDISVKGPAFNMASPESDFGINLKGPKIKGGADVSGGVSAPDISLGEGHLSVKGSGGEWKGPQVSSALNLDTSKFAGGLHFSGPKVEGGVKGGQIGLQAPGLSVSGPQGHLESGSGKVTFPKMKIPKFTFSGRELVGREMGVDVHFPKAEASIQAGAGDGEWEESEVKLKKSKIKMPKFNFSKPKGKGGVTGSPEASISGSKGDLKSSKASLGSLEGEAEAEASSPKGKFSLFKSKKPRHRSNSFSDEREFSGPSTPTGTLEFEGGEVSLEGGKVKGKHGKLKFGTFGGLGSKSKGHYEVTGSDDETGKLQGSGVSLASKKSRLSSSSSNDSGNKVGIQLPEVELSVSTKKE,LKGPKFKMPDMHFKAPKISMPDVDLHLKGPKVKGDVDVSVPKLEGDLTGPSVGVEVPDVEL,iPTMnet
Q09666,2002,Kme,PMID:24129315,human,MEKEETTRELLLPNWQGSGSHGLTIAQRDDGVFVQEVTQNSPAARTGVVKEGDQIVGATIYFDNLQSGEVTQLLNTMGHHTVGLKLHRKGDRSPEPGQTWTREVFSSCSSEVVLSGDDEEYQRIYTTKIKPRLKSEDGVEGDLGETQSRTITVTRRVTAYTVDVTGREGAKDIDISSPEFKIKIPRHELTEISNVDVETQSGKTVIRLPSGSGAASPTGSAVDIRAGAISASGPELQGAGHSKLQVTMPGIKVGGSGVNVNAKGLDLGGRGGVQVPAVDISSSLGGRAVEVQGPSLESGDHGKIKFPTMKVPKFGVSTGREGQTPKAGLRVSAPEVSVGHKGGKPGLTIQAPQLEVSVPSANIEGLEGKLKGPQITGPSLEGDLGLKGAKPQGHIGVDASAPQIGGSITGPSVEVQAPDIDVQGPGSKLNVPKMKVPKFSVSGAKGEETGIDVTLPTGEVTVPGVSGDVSLPEIATGGLEGKMKGTKVKTPEMIIQKPKISMQDVDLSLGSPKLKGDIKVSAPGVQGDVKGPQVALKGSRVDIETPNLEGTLTGPRLGSPSGKTGTCRISMSEVDLNVAAPKVKGGVDVTLPRVEGKVKVPEVDVRGPKVDVSAPDVEAHGPEWNLKMPKMKMPTFSTPGAKGEGPDVHMTLPKGDISISGPKVNVEAPDVNLEGLGGKLKGPDVKLPDMSVKTPKISMPDVDLHVKGTKVKGEYDVTVPKLEGELKGPKVDIDAPDVDVHGPDWHLKMPKMKMPKFSVPGFKAEGPEVDVNLPKADVDISGPKIDVTAPDVSIEEPEGKLKGPKFKMPEMNIKVPKISMPDVDLHLKGPNVKGEYDVTMPKVESEIKVPDVELKSAKMDIDVPDVEVQGPDWHLKMPKMKMPKFSMPGFKAEGPEVDVNLPKADVDISGPKVGVEVPDVNIEGPEGKLKGPKFKMPEMNIKAPKISMPDVDLHMKGPKVKGEYDMTVPKLEGDLKGPKVDVSAPDVEMQGPDWNLKMPKIKMPKFSMPSLKGEGPEFDVNLSKANVDISAPKVDTNAPDLSLEGPEGKLKGPKFKMPEMHFRAPKMSLPDVDLDLKGPKMKGNVDISAPKIEGEMQVPDVDIRGPKVDIKAPDVEGQGLDWSLKIPKMKMPKFSMPSLKGEGPEVDVNLPKADVVVSGPKVDIEAPDVSLEGPEGKLKGPKFKMPEMHFKTPKISMPDVDLHLKGPKVKGDVDVSVPKVEGEMKVPDVEIKGPKMDIDAPDVEVQGPDWHLKMPKMKMPKFSMPGFKGEGREVDVNLPKADIDVSGPKVDVEVPDVSLEGPEGKLKGPKFKMPEMHFKAPKISMPDVDLNLKGPKLKGDVDVSLPEVEGEMKVPDVDIKGPKVDISAPDVDVHGPDWHLKMPKVKMPKFSMPGFKGEGPEVDVKLPKADVDVSGPKMDAEVPDVNIEGPDAKLKGPKFKMPEMSIKPQKISIPDVGLHLKGPKMKGDYDVTVPKVEGEIKAPDVDIKGPKVDINAPDVEVHGPDWHLKMPKVKMPKFSMPGFKGEGPEVDMNLPKADLGVSGPKVDIDVPDVNLEAPEGKLKGPKFKMPSMNIQTHKISMPDVGLNLKAPKLKTDVDVSLPKVEGDLKGPEIDVKAPKMDVNVGDIDIEGPEGKLKGPKFKMPEMHFKAPKISMPDVDLHLKGPKVKGDMDVSVPKVEGEMKVPDVDIKGPKVDIDAPDVEVHDPDWHLKMPKMKMPKFSMPGFKAEGPEVDVNLPKADIDVSGPSVDTDAPDLDIEGPEGKLKGSKFKMPKLNIKAPKVSMPDVDLNLKGPKLKGEIDASVPELEGDLRGPQVDVKGPFVEAEVPDVDLECPDAKLKGPKFKMPEMHFKAPKISMPDVDLHLKGPKVKGDADVSVPKLEGDLTGPSVGVEVPDVELECPDAKLKGPKFKMPDMHFKAPKISMPDVDLHLKGPKVKGDVDVSVPKLEGDLTGPSVGVEVPDVELECPDAKLKGPKFKMPEMHFKTPKISMPDVDLHLKGPKVKGDMDVSVPKVEGEMKVPDVDIKGPKMDIDAPDVDVHGPDWHLKMPKMKMPKFSMPGFKAEGPEVDVNLPKADVVVSGPKVDVEVPDVSLEGPEGKLKGPKLKMPEMHFKAPKISMPDVDLHLKGPKVKGDVDVSLPKLEGDLTGPSVDVEVPDVELECPDAKLKGPKFKMPEMHFKTPKISMPDVNLNLKGPKVKGDMDVSVPKVEGEMKVPDVDIRGPKVDIDAPDVDVHGPDWHLKMPKMKMPKFSMPGFKGEGPEVDVNLPKADVDVSGPKVDVEVPDVSLEGPEGKLKGPKFKMPEMHFKTPKISMPDVDFNLKGPKIKGDVDVSAPKLEGELKGPELDVKGPKLDADMPEVAVEGPNGKWKTPKFKMPDMHFKAPKISMPDLDLHLKSPKAKGEVDVDVPKLEGDLKGPHVDVSGPDIDIEGPEGKLKGPKFKMPDMHFKAPNISMPDVDLNLKGPKIKGDVDVSVPEVEGKLEVPDMNIRGPKVDVNAPDVQAPDWHLKMPKMKMPKFSMPGFKAEGPEVDVNLPKADVDISGPKVDIEGPDVNIEGPEGKLKGPKLKMPEMNIKAPKISMPDFDLHLKGPKVKGDVDVSLPKVEGDLKGPEVDIKGPKVDINAPDVGVQGPDWHLKMPKVKMPKFSMPGFKGEGPDGDVKLPKADIDVSGPKVDIEGPDVNIEGPEGKLKGPKFKMPEMNIKAPKISMPDIDLNLKGPKVKGDVDVSLPKVEGDLKGPEVDIKGPKVDIDAPDVDVHGPDWHLKMPKIKMPKISMPGFKGEGPDVDVNLPKADIDVSGPKVDVECPDVNIEGPEGKWKSPKFKMPEMHFKTPKISMPDIDLNLTGPKIKGDVDVTGPKVEGDLKGPEVDLKGPKVDIDVPDVNVQGPDWHLKMPKMKMPKFSMPGFKAEGPEVDVNLPKADVDVSGPKVDVEGPDVNIEGPEGKLKGPKFKMPEMNIKAPKIPMPDFDLHLKGPKVKGDVDISLPKVEGDLKGPEVDIRGPQVDIDVPDVGVQGPDWHLKMPKVKMPKFSMPGFKGEGPDVDVNLPKADLDVSGPKVDIDVPDVNIEGPEGKLKGPKFKMPEMNIKAPKISMPDIDLNLKGPKVKGDMDVSLPKVEGDMKVPDVDIKGPKVDINAPDVDVQGPDWHLKMPKIKMPKISMPGFKGEGPEVDVNLPKADLDVSGPKVDVDVPDVNIEGPDAKLKGPKFKMPEMNIKAPKISMPDLDLNLKGPKMKGEVDVSLANVEGDLKGPALDIKGPKIDVDAPDIDIHGPDAKLKGPKLKMPDMHVNMPKISMPEIDLNLKGSKLKGDVDVSGPKLEGDIKAPSLDIKGPEVDVSGPKLNIEGKSKKSRFKLPKFNFSGSKVQTPEVDVKGKKPDIDITGPKVDINAPDVEVQGKVKGSKFKMPFLSISSPKVSMPDVELNLKSPKVKGDLDIAGPNLEGDFKGPKVDIKAPEVNLNAPDVDVHGPDWNLKMPKMKMPKFSVSGLKAEGPDVAVDLPKGDINIEGPSMNIEGPDLNVEGPEGGLKGPKFKMPDMNIKAPKISMPDIDLNLKGPKVKGDVDISLPKLEGDLKGPEVDIKGPKVDINAPDVDVHGPDWHLKMPKVKMPKFSMPGFKGEGPEVDVTLPKADIDISGPNVDVDVPDVNIEGPDAKLKGPKFKMPEMNIKAPKISMPDFDLNLKGPKMKGDVVVSLPKVEGDLKGPEVDIKGPKVDIDTPDINIEGSEGKFKGPKFKIPEMHLKAPKISMPDIDLNLKGPKVKGDVDVSLPKMEGDLKGPEVDIKGPKVDINAPDVDVQGPDWHLKMPKVKMPKFSMPGFKGEGPDVDVNLPKADLDVSGPKVDIDVPDVNIEGPEGKLKGPKFKMPEMNIKAPKISMPDIDLNLKGPKVKGDMDVSLPKVEGDMQVPDLDIKGPKVDINAPDVDVRGPDWHLKMPKIKMPKISMPGFKGEGPEVDVNLPKADLDVSGPKVDVDVPDVNIEGPDAKLKGPKFKMPEMNIKAPKISMPDFDLHLKGPKVKGDVDVSLPKMEGDLKAPEVDIKGPKVDIDAPDVDVHGPDWHLKMPKVKMPKFSMPGFKGEGPEVDVNLPKADIDVSGPKVDIDTPDIDIHGPEGKLKGPKFKMPDLHLKAPKISMPEVDLNLKGPKMKGDVDVSLPKVEGDLKGPEVDIKGPKVDIDVPDVDVQGPDWHLKMPKVKMPKFSMPGFKGEGPDVDVNLPKADLDVSGPKVDIDVPDVNIEGPDAKLKGPKFKMPEMNIKAPKISMPDFDLHLKGPKVKGDVDVSLPKVEGDLKGPEVDIKGPKVDIDAPDVDVHGPDWHLKMPKVKMPKFSMPGFKGEGPDVDVTLPKADIEISGPKVDIDAPDVSIEGPDAKLKGPKFKMPEMNIKAPKISMPDIDFNLKGPKVKGDVDVSLPKVEGDLKGPEIDIKGPSLDIDTPDVNIEGPEGKLKGPKFKMPEMNIKAPKISMPDFDLHLKGPKVKGDVDVSLPKVESDLKGPEVDIEGPEGKLKGPKFKMPDVHFKSPQISMSDIDLNLKGPKIKGDMDISVPKLEGDLKGPKVDVKGPKVGIDTPDIDIHGPEGKLKGPKFKMPDLHLKAPKISMPEVDLNLKGPKVKGDMDISLPKVEGDLKGPEVDIRDPKVDIDVPDVDVQGPDWHLKMPKVKMPKFSMPGFKGEGPDVDVNLPKADIDVSGPKVDVDVPDVNIEGPDAKLKGPKFKMPEMSIKAPKISMPDIDLNLKGPKVKGDVDVTLPKVEGDLKGPEADIKGPKVDINTPDVDVHGPDWHLKMPKVKMPKFSMPGFKGEGPDVDVSLPKADIDVSGPKVDVDIPDVNIEGPDAKLKGPKFKMPEINIKAPKISIPDVDLDLKGPKVKGDFDVSVPKVEGTLKGPEVDLKGPRLDFEGPDAKLSGPSLKMPSLEISAPKVTAPDVDLHLKAPKIGFSGPKLEGGEVDLKGPKVEAPSLDVHMDSPDINIEGPDVKIPKFKKPKFGFGAKSPKADIKSPSLDVTVPEAELNLETPEISVGGKGKKSKFKMPKIHMSGPKIKAKKQGFDLNVPGGEIDASLKAPDVDVNIAGPDAALKVDVKSPKTKKTMFGKMYFPDVEFDIKSPKFKAEAPLPSPKLEGELQAPDLELSLPAIHVEGLDIKAKAPKVKMPDVDISVPKIEGDLKGPKVQANLGAPDINIEGLDAKVKTPSFGISAPQVSIPDVNVNLKGPKIKGDVPSVGLEGPDVDLQGPEAKIKFPKFSMPKIGIPGVKMEGGGAEVHAQLPSLEGDLRGPDVKLEGPDVSLKGPGVDLPSVNLSMPKVSGPDLDLNLKGPSLKGDLDASVPSMKVHAPGLNLSGVGGKMQVGGDGVKVPGIDATTKLNVGAPDVTLRGPSLQGDLAVSGDIKCPKVSVGAPDLSLEASEGSIKLPKMKLPQFGISTPGSDLHVNAKGPQVSGELKGPGVDVNLKGPRISAPNVDFNLEGPKVKGSLGATGEIKGPTVGGGLPGIGVQGLEGNLQMPGIKSSGCDVNLPGVNVKLPTGQISGPEIKGGLKGSEVGFHGAAPDISVKGPAFNMASPESDFGINLKGPKIKGGADVSGGVSAPDISLGEGHLSVKGSGGEWKGPQVSSALNLDTSKFAGGLHFSGPKVEGGVKGGQIGLQAPGLSVSGPQGHLESGSGKVTFPKMKIPKFTFSGRELVGREMGVDVHFPKAEASIQAGAGDGEWEESEVKLKKSKIKMPKFNFSKPKGKGGVTGSPEASISGSKGDLKSSKASLGSLEGEAEAEASSPKGKFSLFKSKKPRHRSNSFSDEREFSGPSTPTGTLEFEGGEVSLEGGKVKGKHGKLKFGTFGGLGSKSKGHYEVTGSDDETGKLQGSGVSLASKKSRLSSSSSNDSGNKVGIQLPEVELSVSTKKE,LKGPKFKMPEMHFKTPKISMPDVDLHLKGPKVKGDMDVSVPKVEGEMKVPDVDIKGPKMDI,iPTMnet
Q09666,2130,Kme,PMID:24129315,human,MEKEETTRELLLPNWQGSGSHGLTIAQRDDGVFVQEVTQNSPAARTGVVKEGDQIVGATIYFDNLQSGEVTQLLNTMGHHTVGLKLHRKGDRSPEPGQTWTREVFSSCSSEVVLSGDDEEYQRIYTTKIKPRLKSEDGVEGDLGETQSRTITVTRRVTAYTVDVTGREGAKDIDISSPEFKIKIPRHELTEISNVDVETQSGKTVIRLPSGSGAASPTGSAVDIRAGAISASGPELQGAGHSKLQVTMPGIKVGGSGVNVNAKGLDLGGRGGVQVPAVDISSSLGGRAVEVQGPSLESGDHGKIKFPTMKVPKFGVSTGREGQTPKAGLRVSAPEVSVGHKGGKPGLTIQAPQLEVSVPSANIEGLEGKLKGPQITGPSLEGDLGLKGAKPQGHIGVDASAPQIGGSITGPSVEVQAPDIDVQGPGSKLNVPKMKVPKFSVSGAKGEETGIDVTLPTGEVTVPGVSGDVSLPEIATGGLEGKMKGTKVKTPEMIIQKPKISMQDVDLSLGSPKLKGDIKVSAPGVQGDVKGPQVALKGSRVDIETPNLEGTLTGPRLGSPSGKTGTCRISMSEVDLNVAAPKVKGGVDVTLPRVEGKVKVPEVDVRGPKVDVSAPDVEAHGPEWNLKMPKMKMPTFSTPGAKGEGPDVHMTLPKGDISISGPKVNVEAPDVNLEGLGGKLKGPDVKLPDMSVKTPKISMPDVDLHVKGTKVKGEYDVTVPKLEGELKGPKVDIDAPDVDVHGPDWHLKMPKMKMPKFSVPGFKAEGPEVDVNLPKADVDISGPKIDVTAPDVSIEEPEGKLKGPKFKMPEMNIKVPKISMPDVDLHLKGPNVKGEYDVTMPKVESEIKVPDVELKSAKMDIDVPDVEVQGPDWHLKMPKMKMPKFSMPGFKAEGPEVDVNLPKADVDISGPKVGVEVPDVNIEGPEGKLKGPKFKMPEMNIKAPKISMPDVDLHMKGPKVKGEYDMTVPKLEGDLKGPKVDVSAPDVEMQGPDWNLKMPKIKMPKFSMPSLKGEGPEFDVNLSKANVDISAPKVDTNAPDLSLEGPEGKLKGPKFKMPEMHFRAPKMSLPDVDLDLKGPKMKGNVDISAPKIEGEMQVPDVDIRGPKVDIKAPDVEGQGLDWSLKIPKMKMPKFSMPSLKGEGPEVDVNLPKADVVVSGPKVDIEAPDVSLEGPEGKLKGPKFKMPEMHFKTPKISMPDVDLHLKGPKVKGDVDVSVPKVEGEMKVPDVEIKGPKMDIDAPDVEVQGPDWHLKMPKMKMPKFSMPGFKGEGREVDVNLPKADIDVSGPKVDVEVPDVSLEGPEGKLKGPKFKMPEMHFKAPKISMPDVDLNLKGPKLKGDVDVSLPEVEGEMKVPDVDIKGPKVDISAPDVDVHGPDWHLKMPKVKMPKFSMPGFKGEGPEVDVKLPKADVDVSGPKMDAEVPDVNIEGPDAKLKGPKFKMPEMSIKPQKISIPDVGLHLKGPKMKGDYDVTVPKVEGEIKAPDVDIKGPKVDINAPDVEVHGPDWHLKMPKVKMPKFSMPGFKGEGPEVDMNLPKADLGVSGPKVDIDVPDVNLEAPEGKLKGPKFKMPSMNIQTHKISMPDVGLNLKAPKLKTDVDVSLPKVEGDLKGPEIDVKAPKMDVNVGDIDIEGPEGKLKGPKFKMPEMHFKAPKISMPDVDLHLKGPKVKGDMDVSVPKVEGEMKVPDVDIKGPKVDIDAPDVEVHDPDWHLKMPKMKMPKFSMPGFKAEGPEVDVNLPKADIDVSGPSVDTDAPDLDIEGPEGKLKGSKFKMPKLNIKAPKVSMPDVDLNLKGPKLKGEIDASVPELEGDLRGPQVDVKGPFVEAEVPDVDLECPDAKLKGPKFKMPEMHFKAPKISMPDVDLHLKGPKVKGDADVSVPKLEGDLTGPSVGVEVPDVELECPDAKLKGPKFKMPDMHFKAPKISMPDVDLHLKGPKVKGDVDVSVPKLEGDLTGPSVGVEVPDVELECPDAKLKGPKFKMPEMHFKTPKISMPDVDLHLKGPKVKGDMDVSVPKVEGEMKVPDVDIKGPKMDIDAPDVDVHGPDWHLKMPKMKMPKFSMPGFKAEGPEVDVNLPKADVVVSGPKVDVEVPDVSLEGPEGKLKGPKLKMPEMHFKAPKISMPDVDLHLKGPKVKGDVDVSLPKLEGDLTGPSVDVEVPDVELECPDAKLKGPKFKMPEMHFKTPKISMPDVNLNLKGPKVKGDMDVSVPKVEGEMKVPDVDIRGPKVDIDAPDVDVHGPDWHLKMPKMKMPKFSMPGFKGEGPEVDVNLPKADVDVSGPKVDVEVPDVSLEGPEGKLKGPKFKMPEMHFKTPKISMPDVDFNLKGPKIKGDVDVSAPKLEGELKGPELDVKGPKLDADMPEVAVEGPNGKWKTPKFKMPDMHFKAPKISMPDLDLHLKSPKAKGEVDVDVPKLEGDLKGPHVDVSGPDIDIEGPEGKLKGPKFKMPDMHFKAPNISMPDVDLNLKGPKIKGDVDVSVPEVEGKLEVPDMNIRGPKVDVNAPDVQAPDWHLKMPKMKMPKFSMPGFKAEGPEVDVNLPKADVDISGPKVDIEGPDVNIEGPEGKLKGPKLKMPEMNIKAPKISMPDFDLHLKGPKVKGDVDVSLPKVEGDLKGPEVDIKGPKVDINAPDVGVQGPDWHLKMPKVKMPKFSMPGFKGEGPDGDVKLPKADIDVSGPKVDIEGPDVNIEGPEGKLKGPKFKMPEMNIKAPKISMPDIDLNLKGPKVKGDVDVSLPKVEGDLKGPEVDIKGPKVDIDAPDVDVHGPDWHLKMPKIKMPKISMPGFKGEGPDVDVNLPKADIDVSGPKVDVECPDVNIEGPEGKWKSPKFKMPEMHFKTPKISMPDIDLNLTGPKIKGDVDVTGPKVEGDLKGPEVDLKGPKVDIDVPDVNVQGPDWHLKMPKMKMPKFSMPGFKAEGPEVDVNLPKADVDVSGPKVDVEGPDVNIEGPEGKLKGPKFKMPEMNIKAPKIPMPDFDLHLKGPKVKGDVDISLPKVEGDLKGPEVDIRGPQVDIDVPDVGVQGPDWHLKMPKVKMPKFSMPGFKGEGPDVDVNLPKADLDVSGPKVDIDVPDVNIEGPEGKLKGPKFKMPEMNIKAPKISMPDIDLNLKGPKVKGDMDVSLPKVEGDMKVPDVDIKGPKVDINAPDVDVQGPDWHLKMPKIKMPKISMPGFKGEGPEVDVNLPKADLDVSGPKVDVDVPDVNIEGPDAKLKGPKFKMPEMNIKAPKISMPDLDLNLKGPKMKGEVDVSLANVEGDLKGPALDIKGPKIDVDAPDIDIHGPDAKLKGPKLKMPDMHVNMPKISMPEIDLNLKGSKLKGDVDVSGPKLEGDIKAPSLDIKGPEVDVSGPKLNIEGKSKKSRFKLPKFNFSGSKVQTPEVDVKGKKPDIDITGPKVDINAPDVEVQGKVKGSKFKMPFLSISSPKVSMPDVELNLKSPKVKGDLDIAGPNLEGDFKGPKVDIKAPEVNLNAPDVDVHGPDWNLKMPKMKMPKFSVSGLKAEGPDVAVDLPKGDINIEGPSMNIEGPDLNVEGPEGGLKGPKFKMPDMNIKAPKISMPDIDLNLKGPKVKGDVDISLPKLEGDLKGPEVDIKGPKVDINAPDVDVHGPDWHLKMPKVKMPKFSMPGFKGEGPEVDVTLPKADIDISGPNVDVDVPDVNIEGPDAKLKGPKFKMPEMNIKAPKISMPDFDLNLKGPKMKGDVVVSLPKVEGDLKGPEVDIKGPKVDIDTPDINIEGSEGKFKGPKFKIPEMHLKAPKISMPDIDLNLKGPKVKGDVDVSLPKMEGDLKGPEVDIKGPKVDINAPDVDVQGPDWHLKMPKVKMPKFSMPGFKGEGPDVDVNLPKADLDVSGPKVDIDVPDVNIEGPEGKLKGPKFKMPEMNIKAPKISMPDIDLNLKGPKVKGDMDVSLPKVEGDMQVPDLDIKGPKVDINAPDVDVRGPDWHLKMPKIKMPKISMPGFKGEGPEVDVNLPKADLDVSGPKVDVDVPDVNIEGPDAKLKGPKFKMPEMNIKAPKISMPDFDLHLKGPKVKGDVDVSLPKMEGDLKAPEVDIKGPKVDIDAPDVDVHGPDWHLKMPKVKMPKFSMPGFKGEGPEVDVNLPKADIDVSGPKVDIDTPDIDIHGPEGKLKGPKFKMPDLHLKAPKISMPEVDLNLKGPKMKGDVDVSLPKVEGDLKGPEVDIKGPKVDIDVPDVDVQGPDWHLKMPKVKMPKFSMPGFKGEGPDVDVNLPKADLDVSGPKVDIDVPDVNIEGPDAKLKGPKFKMPEMNIKAPKISMPDFDLHLKGPKVKGDVDVSLPKVEGDLKGPEVDIKGPKVDIDAPDVDVHGPDWHLKMPKVKMPKFSMPGFKGEGPDVDVTLPKADIEISGPKVDIDAPDVSIEGPDAKLKGPKFKMPEMNIKAPKISMPDIDFNLKGPKVKGDVDVSLPKVEGDLKGPEIDIKGPSLDIDTPDVNIEGPEGKLKGPKFKMPEMNIKAPKISMPDFDLHLKGPKVKGDVDVSLPKVESDLKGPEVDIEGPEGKLKGPKFKMPDVHFKSPQISMSDIDLNLKGPKIKGDMDISVPKLEGDLKGPKVDVKGPKVGIDTPDIDIHGPEGKLKGPKFKMPDLHLKAPKISMPEVDLNLKGPKVKGDMDISLPKVEGDLKGPEVDIRDPKVDIDVPDVDVQGPDWHLKMPKVKMPKFSMPGFKGEGPDVDVNLPKADIDVSGPKVDVDVPDVNIEGPDAKLKGPKFKMPEMSIKAPKISMPDIDLNLKGPKVKGDVDVTLPKVEGDLKGPEADIKGPKVDINTPDVDVHGPDWHLKMPKVKMPKFSMPGFKGEGPDVDVSLPKADIDVSGPKVDVDIPDVNIEGPDAKLKGPKFKMPEINIKAPKISIPDVDLDLKGPKVKGDFDVSVPKVEGTLKGPEVDLKGPRLDFEGPDAKLSGPSLKMPSLEISAPKVTAPDVDLHLKAPKIGFSGPKLEGGEVDLKGPKVEAPSLDVHMDSPDINIEGPDVKIPKFKKPKFGFGAKSPKADIKSPSLDVTVPEAELNLETPEISVGGKGKKSKFKMPKIHMSGPKIKAKKQGFDLNVPGGEIDASLKAPDVDVNIAGPDAALKVDVKSPKTKKTMFGKMYFPDVEFDIKSPKFKAEAPLPSPKLEGELQAPDLELSLPAIHVEGLDIKAKAPKVKMPDVDISVPKIEGDLKGPKVQANLGAPDINIEGLDAKVKTPSFGISAPQVSIPDVNVNLKGPKIKGDVPSVGLEGPDVDLQGPEAKIKFPKFSMPKIGIPGVKMEGGGAEVHAQLPSLEGDLRGPDVKLEGPDVSLKGPGVDLPSVNLSMPKVSGPDLDLNLKGPSLKGDLDASVPSMKVHAPGLNLSGVGGKMQVGGDGVKVPGIDATTKLNVGAPDVTLRGPSLQGDLAVSGDIKCPKVSVGAPDLSLEASEGSIKLPKMKLPQFGISTPGSDLHVNAKGPQVSGELKGPGVDVNLKGPRISAPNVDFNLEGPKVKGSLGATGEIKGPTVGGGLPGIGVQGLEGNLQMPGIKSSGCDVNLPGVNVKLPTGQISGPEIKGGLKGSEVGFHGAAPDISVKGPAFNMASPESDFGINLKGPKIKGGADVSGGVSAPDISLGEGHLSVKGSGGEWKGPQVSSALNLDTSKFAGGLHFSGPKVEGGVKGGQIGLQAPGLSVSGPQGHLESGSGKVTFPKMKIPKFTFSGRELVGREMGVDVHFPKAEASIQAGAGDGEWEESEVKLKKSKIKMPKFNFSKPKGKGGVTGSPEASISGSKGDLKSSKASLGSLEGEAEAEASSPKGKFSLFKSKKPRHRSNSFSDEREFSGPSTPTGTLEFEGGEVSLEGGKVKGKHGKLKFGTFGGLGSKSKGHYEVTGSDDETGKLQGSGVSLASKKSRLSSSSSNDSGNKVGIQLPEVELSVSTKKE,LKGPKLKMPEMHFKAPKISMPDVDLHLKGPKVKGDVDVSLPKLEGDLTGPSVDVEVPDVEL,iPTMnet
Q12802,1670,Kme,PMID:24129315,human,MKLNPQQAPLYGDCVVTVLLAEEDKAEDDVVFYLVFLGSTLRHCTSTRKVSSDTLETIAPGHDCCETVKVQLCASKEGLPVFVVAEEDFHFVQDEAYDAAQFLATSAGNQQALNFTRFLDQSGPPSGDVNSLDKKLVLAFRHLKLPTEWNVLGTDQSLHDAGPRETLMHFAVRLGLLRLTWFLLQKPGGRGALSIHNQEGATPVSLALERGYHKLHQLLTEENAGEPDSWSSLSYEIPYGDCSVRHHRELDIYTLTSESDSHHEHPFPGDGCTGPIFKLMNIQQQLMKTNLKQMDSLMPLMMTAQDPSSAPETDGQFLPCAPEPTDPQRLSSSEETESTQCCPGSPVAQTESPCDLSSIVEEENTDRSCRKKNKGVERKGEEVEPAPIVDSGTVSDQDSCLQSLPDCGVKGTEGLSSCGNRNEETGTKSSGMPTDQESLSSGDAVLQRDLVMEPGTAQYSSGGELGGISTTNVSTPDTAGEMEHGLMNPDATVWKNVLQGGESTKERFENSNIGTAGASDVHVTSKPVDKISVPNCAPAASSLDGNKPAESSLAFSNEETSTEKTAETETSRSREESADAPVDQNSVVIPAAAKDKISDGLEPYTLLAAGIGEAMSPSDLALLGLEEDVMPHQNSETNSSHAQSQKGKSSPICSTTGDDKLCADSACQQNTVTSSGDLVAKLCDNIVSESESTTARQPSSQDPPDASHCEDPQAHTVTSDPVRDTQERADFCPFKVVDNKGQRKDVKLDKPLTNMLEVVSHPHPVVPKMEKELVPDQAVISDSTFSLANSPGSESVTKDDALSFVPSQKEKGTATPELHTATDYRDGPDGNSNEPDTRPLEDRAVGLSTSSTAAELQHGMGNTSLTGLGGEHEGPAPPAIPEALNIKGNTDSSLQSVGKATLALDSVLTEEGKLLVVSESSAAQEQDKDKAVTCSSIKENALSSGTLQEEQRTPPPGQDTQQFHEKSISADCAKDKALQLSNSPGASSAFLKAETEHNKEVAPQVSLLTQGGAAQSLVPPGASLATESRQEALGAEHNSSALLPCLLPDGSDGSDALNCSQPSPLDVGVKNTQSQGKTSACEVSGDVTVDVTGVNALQGMAEPRRENISHNTQDILIPNVLLSQEKNAVLGLPVALQDKAVTDPQGVGTPEMIPLDWEKGKLEGADHSCTMGDAEEAQIDDEAHPVLLQPVAKELPTDMELSAHDDGAPAGVREVMRAPPSGRERSTPSLPCMVSAQDAPLPKGADLIEEAASRIVDAVIEQVKAAGALLTEGEACHMSLSSPELGPLTKGLESAFTEKVSTFPPGESLPMGSTPEEATGSLAGCFAGREEPEKIILPVQGPEPAAEMPDVKAEDEVDFRASSISEEVAVGSIAATLKMKQGPMTQAINRENWCTIEPCPDAASLLASKQSPECENFLDVGLGRECTSKQGVLKRESGSDSDLFHSPSDDMDSIIFPKPEEEHLACDITGSSSSTDDTASLDRHSSHGSDVSLSQILKPNRSRDRQSLDGFYSHGMGAEGRESESEPADPGDVEEEEMDSITEVPANCSVLRSSMRSLSPFRRHSWGPGKNAASDAEMNHRSSMRVLGDVVRRPPIHRRSFSLEGLTGGAGVGNKPSSSLEVSSANAEELRHPFSGEERVDSLVSLSEEDLESDQREHRMFDQQICHRSKQQGFNYCTSAISSPLTKSISLMTISHPGLDNSRPFHSTFHNTSANLTESITEENYNFLPHSPSKKDSEWKSGTKVSRTFSYIKNKMSSSKKSKEKEKEKDKIKEKEKDSKDKEKDKKTVNGHTFSSIPVVGPISCSQCMKPFTNKDAYTCANCSAFVHKGCRESLASCAKVKMKQPKGSLQAHDTSSLPTVIMRNKPSQPKERPRSAVLLVDETATTPIFANRRSQQSVSLSKSVSIQNITGVGNDENMSNTWKFLSHSTDSLNKISKVNESTESLTDEGVGTDMNEGQLLGDFEIESKQLEAESWSRIIDSKFLKQQKKDVVKRQEVIYELMQTEFHHVRTLKIMSGVYSQGMMADLLFEQQMVEKLFPCLDELISIHSQFFQRILERKKESLVDKSEKNFLIKRIGDVLVNQFSGENAERLKKTYGKFCGQHNQSVNYFKDLYAKDKRFQAFVKKKMSSSVVRRLGIPECILLVTQRITKYPVLFQRILQCTKDNEVEQEDLAQSLSLVKDVIGAVDSKVASYEKKVRLNEIYTKTDSKSIMRMKSGQMFAKEDLKRKKLVRDGSVFLKNAAGRLKEVQAVLLTDILVFLQEKDQKYIFASLDQKSTVISLKKLIVREVAHEEKGLFLISMGMTDPEMVEVHASSKEERNSWIQIIQDTINTLNRDEDEGIPSENEEEKKMLDTRARELKEQLHQKDQKILLLLEEKEMIFRDMAECSTPLPEDCSPTHSPRVLFRSNTEEALKGGPLMKSAINEVEILQGLVSGNLGGTLGPTVSSPIEQDVVGPVSLPRRAETFGGFDSHQMNASKGGEKEEGDDGQDLRRTESDSGLKKGGNANLVFMLKRNSEQVVQSVVHLYELLSALQGVVLQQDSYIEDQKLVLSERALTRSLSRPSSLIEQEKQRSLEKQRQDLANLQKQQAQYLEEKRRREREWEARERELREREALLAQREEEVQQGQQDLEKEREELQQKKGTYQYDLERLRAAQKQLEREQEQLRREAERLSQRQTERDLCQVSHPHTKLMRIPSFFPSPEEPPSPSAPSIAKSGSLDSELSVSPKRNSISRTHKDKGPFHILSSTSQTNKGPEGQSQAPASTSASTRLFGLTKPKEKKEKKKKNKTSRSQPGDGPASEVSAEGEEIFC,VDSLVSLSEEDLESDQREHRMFDQQICHRSKQQGFNYCTSAISSPLTKSISLMTISHPGLD,iPTMnet
Q13442,126,Kme,PMID:24129315,human,MPKGGRKGGHKGRARQYTSPEEIDAQLQAEKQKAREEEEQKEGGDGAAGDPKKEKKSLDSDESEDEEDDYQQKRKGVEGLIDIENPNRVAQTTKKVTQLDLDGPKELSRREREEIEKQKAKERYMKMHLAGKTEQAKADLARLAIIRKQREEAARKKEEERKAKDDATLSGKRMQSLSLNK,VTQLDLDGPKELSRREREEIEKQKAKERYMKMHLAGKTEQAKADLARLAIIRKQREEAARK,iPTMnet
Q13547,432,Kme,PMID:18438403,human,MAQTQGTRRKVCYYYDGDVGNYYYGQGHPMKPHRIRMTHNLLLNYGLYRKMEIYRPHKANAEEMTKYHSDDYIKFLRSIRPDNMSEYSKQMQRFNVGEDCPVFDGLFEFCQLSTGGSVASAVKLNKQQTDIAVNWAGGLHHAKKSEASGFCYVNDIVLAILELLKYHQRVLYIDIDIHHGDGVEEAFYTTDRVMTVSFHKYGEYFPGTGDLRDIGAGKGKYYAVNYPLRDGIDDESYEAIFKPVMSKVMEMFQPSAVVLQCGSDSLSGDRLGCFNLTIKGHAKCVEFVKSFNLPMLMLGGGGYTIRNVARCWTYETAVALDTEIPNELPYNDYFEYFGPDFKLHISPSNMTNQNTNEYLEKIKQRLFENLRMLPHAPGVQMQAIPEDAIPEESGDEDEDDPDKRISICSSDKRIACEEEFSDSEEEGEGGRKNSSNFKKAKRVKTEDEKEKDPEEKKEVTEEEKTKEEKPEAKGVKEEVKLA,DKRISICSSDKRIACEEEFSDSEEEGEGGRKNSSNFKKAKRVKTEDEKEKDPEEKKEVTEE,iPTMnet
Q14847,75,Kme,PMID:24129315,human,MNPNCARCGKIVYPTEKVNCLDKFWHKACFHCETCKMTLNMKNYKGYEKKPYCNAHYPKQSFTMVADTPENLRLKQQSELQSQVRYKEEFEKNKGKGFSVVADTPELQRIKKTQDQISNIKYHEEFEKSRMGPSGGEGMEPERRDSQDGSSYRRPLEQQQPHHIPTSAPVYQQPQQQPVAQSYGGYKEPAAPVSIQRSAPGGGGKRYRAVYDYSAADEDEVSFQDGDTIVNVQQIDDGWMYGTVERTGDTGMLPANYVEAI,KGYEKKPYCNAHYPKQSFTMVADTPENLRLKQQSELQSQVRYKEEFEKNKGKGFSVVADTP,iPTMnet
Q14865,336,Kme,PMID:21532585,human,MEPNSLQWVGSPCGLHGPYIFYKAFQFHLEGKPRILSLGDFFFVRCTPKDPICIAELQLLWEERTSRQLLSSSKLYFLPEDTPQGRNSDHGEDEVIAVSEKVIVKLEDLVKWVHSDFSKWRCGFHAGPVKTEALGRNGQKEALLKYRQSTLNSGLNFKDVLKEKADLGEDEEETNVIVLSYPQYCRYRSMLKRIQDKPSSILTDQFALALGGIAVVSRNPQILYCRDTFDHPTLIENESICDEFAPNLKGRPRKKKPCPQRRDSFSGVKDSNNNSDGKAVAKVKCEARSALTKPKNNHNCKKVSNEEKPKVAIGEECRADEQAFLVALYKYMKERKTPIERIPYLGFKQINLWTMFQAAQKLGGYETITARRQWKHIYDELGGNPGSTSAATCTRRHYERLILPYERFIKGEEDKPLPPIKPRKQENSSQENENKTKVSGTKRIKHEIPKSKKEKENAPKPQDAAEVSSEQEKEQETLISQKSIPEPLPAADMKKKIEGYQEFSAKPLASRVDPEKDNETDQGSNSEKVAEEAGEKGPTPPLPSAPLAPEKDSALVPGASKQPLTSPSALVDSKQESKLCCFTESPESEPQEASFPSFPTTQPPLANQNETEDDKLPAMADYIANCTVKVDQLGSDDIHNALKQTPKVLVVQSFDMFKDKDLTGPMNENHGLNYTPLLYSRGNPGIMSPLAKKKLLSQVSGASLSSSYPYGSPPPLISKKKLIARDDLCSSLSQTHHGQSTDHMAVSRPSVIQHVQSFRSKPSEERKTINDIFKHEKLSRSDPHRCSFSKHHLNPLADSYVLKQEIQEGKDKLLEKRALPHSHMPSFLADFYSSPHLHSLYRHTEHHLHNEQTSKYPSRDMYRESENSSFPSHRHQEKLHVNYLTSLHLQDKKSAAAEAPTDDQPTDLSLPKNPHKPTGKVLGLAHSTTGPQESKGISQFQVLGSQSRDCHPKACRVSPMTMSGPKKYPESLSRSGKPHHVRLENFRKMEGMVHPILHRKMSPQNIGAARPIKRSLEDLDLVIAGKKARAVSPLDPSKEVSGKEKASEQESEGSKAAHGGHSGGGSEGHKLPLSSPIFPGLYSGSLCNSGLNSRLPAGYSHSLQYLKNQTVLSPLMQPLAFHSLVMQRGIFTSPTNSQQLYRHLAAATPVGSSYGDLLHNSIYPLAAINPQAAFPSSQLSSVHPSTKL,EEKPKVAIGEECRADEQAFLVALYKYMKERKTPIERIPYLGFKQINLWTMFQAAQKLGGYE,iPTMnet
Q15047,1170,Kme,PMID:24129315,human,MSSLPGCIGLDAATATVESEEIAELQQAVVEELGISMEELRHFIDEELEKMDCVQQRKKQLAELETWVIQKESEVAHVDQLFDDASRAVTNCESLVKDFYSKLGLQYRDSSSEDESSRPTEIIEIPDEDDDVLSIDSGDAGSRTPKDQKLREAMAALRKSAQDVQKFMDAVNKKSSSQDLHKGTLSQMSGELSKDGDLIVSMRILGKKRTKTWHKGTLIAIQTVGPGKKYKVKFDNKGKSLLSGNHIAYDYHPPADKLYVGSRVVAKYKDGNQVWLYAGIVAETPNVKNKLRFLIFFDDGYASYVTQSELYPICRPLKKTWEDIEDISCRDFIEEYVTAYPNRPMVLLKSGQLIKTEWEGTWWKSRVEEVDGSLVRILFLDDKRCEWIYRGSTRLEPMFSMKTSSASALEKKQGQLRTRPNMGAVRSKGPVVQYTQDLTGTGTQFKPVEPPQPTAPPAPPFPPAPPLSPQAGDSDLESQLAQSRKQVAKKSTSFRPGSVGSGHSSPTSPALSENVSGGKPGINQTYRSPLGSTASAPAPSALPAPPAPPVFHGMLERAPAEPSYRAPMEKLFYLPHVCSYTCLSRVRPMRNEQYRGKNPLLVPLLYDFRRMTARRRVNRKMGFHVIYKTPCGLCLRTMQEIERYLFETGCDFLFLEMFCLDPYVLVDRKFQPYKPFYYILDITYGKEDVPLSCVNEIDTTPPPQVAYSKERIPGKGVFINTGPEFLVGCDCKDGCRDKSKCACHQLTIQATACTPGGQINPNSGYQYKRLEECLPTGVYECNKRCKCDPNMCTNRLVQHGLQVRLQLFKTQNKGWGIRCLDDIAKGSFVCIYAGKILTDDFADKEGLEMGDEYFANLDHIESVENFKEGYESDAPCSSDSSGVDLKDQEDGNSGTEDPEESNDDSSDDNFCKDEDFSTSSVWRSYATRRQTRGQKENGLSETTSKDSHPPDLGPPHIPVPPSIPVGGCNPPSSEETPKNKVASWLSCNSVSEGGFADSDSHSSFKTNEGGEGRAGGSRMEAEKASTSGLGIKDEGDIKQAKKEDTDDRNKMSVVTESSRNYGYNPSPVKPEGLRRPPSKTSMHQSRRLMASAQSNPDDVLTLSSSTESEGESGTSRKPTAGQTSATAVDSDDIQTISSGSEGDDFEDKKNMTGPMKRQVAVKSTRGFALKSTHGIAIKSTNMASVDKGESAPVRKNTRQFYDGEESCYIIDAKLEGNLGRYLNHSCSPNLFVQNVFVDTHDLRFPWVAFFASKRIRAGTELTWDYNYEVGSVEGKELLCCCGAIECRGRLL,SEGDDFEDKKNMTGPMKRQVAVKSTRGFALKSTHGIAIKSTNMASVDKGESAPVRKNTRQF,iPTMnet
Q15047,1178,Kme,PMID:24129315,human,MSSLPGCIGLDAATATVESEEIAELQQAVVEELGISMEELRHFIDEELEKMDCVQQRKKQLAELETWVIQKESEVAHVDQLFDDASRAVTNCESLVKDFYSKLGLQYRDSSSEDESSRPTEIIEIPDEDDDVLSIDSGDAGSRTPKDQKLREAMAALRKSAQDVQKFMDAVNKKSSSQDLHKGTLSQMSGELSKDGDLIVSMRILGKKRTKTWHKGTLIAIQTVGPGKKYKVKFDNKGKSLLSGNHIAYDYHPPADKLYVGSRVVAKYKDGNQVWLYAGIVAETPNVKNKLRFLIFFDDGYASYVTQSELYPICRPLKKTWEDIEDISCRDFIEEYVTAYPNRPMVLLKSGQLIKTEWEGTWWKSRVEEVDGSLVRILFLDDKRCEWIYRGSTRLEPMFSMKTSSASALEKKQGQLRTRPNMGAVRSKGPVVQYTQDLTGTGTQFKPVEPPQPTAPPAPPFPPAPPLSPQAGDSDLESQLAQSRKQVAKKSTSFRPGSVGSGHSSPTSPALSENVSGGKPGINQTYRSPLGSTASAPAPSALPAPPAPPVFHGMLERAPAEPSYRAPMEKLFYLPHVCSYTCLSRVRPMRNEQYRGKNPLLVPLLYDFRRMTARRRVNRKMGFHVIYKTPCGLCLRTMQEIERYLFETGCDFLFLEMFCLDPYVLVDRKFQPYKPFYYILDITYGKEDVPLSCVNEIDTTPPPQVAYSKERIPGKGVFINTGPEFLVGCDCKDGCRDKSKCACHQLTIQATACTPGGQINPNSGYQYKRLEECLPTGVYECNKRCKCDPNMCTNRLVQHGLQVRLQLFKTQNKGWGIRCLDDIAKGSFVCIYAGKILTDDFADKEGLEMGDEYFANLDHIESVENFKEGYESDAPCSSDSSGVDLKDQEDGNSGTEDPEESNDDSSDDNFCKDEDFSTSSVWRSYATRRQTRGQKENGLSETTSKDSHPPDLGPPHIPVPPSIPVGGCNPPSSEETPKNKVASWLSCNSVSEGGFADSDSHSSFKTNEGGEGRAGGSRMEAEKASTSGLGIKDEGDIKQAKKEDTDDRNKMSVVTESSRNYGYNPSPVKPEGLRRPPSKTSMHQSRRLMASAQSNPDDVLTLSSSTESEGESGTSRKPTAGQTSATAVDSDDIQTISSGSEGDDFEDKKNMTGPMKRQVAVKSTRGFALKSTHGIAIKSTNMASVDKGESAPVRKNTRQFYDGEESCYIIDAKLEGNLGRYLNHSCSPNLFVQNVFVDTHDLRFPWVAFFASKRIRAGTELTWDYNYEVGSVEGKELLCCCGAIECRGRLL,KKNMTGPMKRQVAVKSTRGFALKSTHGIAIKSTNMASVDKGESAPVRKNTRQFYDGEESCY,iPTMnet
Q15417,158,Kme,PMID:24129315,human,MTHFNKGPSYGLSAEVKNKIASKYDHQAEEDLRNWIEEVTGMSIGPNFQLGLKDGIILCELINKLQPGSVKKVNESSLNWPQLENIGNFIKAIQAYGMKPHDIFEANDLFENGNMTQVQTTLVALAGLAKTKGFHTTIDIGVKYAEKQTRRFDEGKLKAGQSVIGLQMGTNKCASQAGMTAYGTRRHLYDPKMQTDKPFDQTTISLQMGTNKGASQAGMLAPGTRRDIYDQKLTLQPVDNSTISLQMGTNKVASQKGMSVYGLGRQVYDPKYCAAPTEPVIHNGSQGTGTNGSEISDSDYQAEYPDEYHGEYQDDYPRDYQYSDQGIDY,LAKTKGFHTTIDIGVKYAEKQTRRFDEGKLKAGQSVIGLQMGTNKCASQAGMTAYGTRRHL,iPTMnet
Q16778,109,Kme,PMID:16627869,human,MPEPAKSAPAPKKGSKKAVTKAQKKDGKKRKRSRKESYSIYVYKVLKQVHPDTGISSKAMGIMNSFVNDIFERIAGEASRLAHYNKRSTITSREIQTAVRLLLPGELAKHAVSEGTKAVTKYTSSK,SRLAHYNKRSTITSREIQTAVRLLLPGELAKHAVSEGTKAVTKYTSSK_____________,iPTMnet
Q16778,47,Kme,PMID:16627869,human,MPEPAKSAPAPKKGSKKAVTKAQKKDGKKRKRSRKESYSIYVYKVLKQVHPDTGISSKAMGIMNSFVNDIFERIAGEASRLAHYNKRSTITSREIQTAVRLLLPGELAKHAVSEGTKAVTKYTSSK,KAVTKAQKKDGKKRKRSRKESYSIYVYKVLKQVHPDTGISSKAMGIMNSFVNDIFERIAGE,iPTMnet
Q16778,58,Kme,PMID:16627869,human,MPEPAKSAPAPKKGSKKAVTKAQKKDGKKRKRSRKESYSIYVYKVLKQVHPDTGISSKAMGIMNSFVNDIFERIAGEASRLAHYNKRSTITSREIQTAVRLLLPGELAKHAVSEGTKAVTKYTSSK,KKRKRSRKESYSIYVYKVLKQVHPDTGISSKAMGIMNSFVNDIFERIAGEASRLAHYNKRS,iPTMnet
Q53H47,498,Kme,PMID:18790802,human,MFAEAAKTTRPCGMAEFKEKPEAPTEQLDVACGQENLPVGAWPPGAAPAPFQYTPDHVVGPGADIDPTQITFPGCICVKTPCLPGTCSCLRHGENYDDNSCLRDIGSGGKYAEPVFECNVLCRCSDHCRNRVVQKGLQFHFQVFKTHKKGWGLRTLEFIPKGRFVCEYAGEVLGFSEVQRRIHLQTKSDSNYIIAIREHVYNGQVMETFVDPTYIGNIGRFLNHSCEPNLLMIPVRIDSMVPKLALFAAKDIVPEEELSYDYSGRYLNLTVSEDKERLDHGKLRKPCYCGAKSCTAFLPFDSSLYCPVEKSNISCGNEKEPSMCGSAPSVFPSCKRLTLETMKMMLDKKQIRAIFLFEFKMGRKAAETTRNINNAFGPGTANERTVQWWFKKFCKGDESLEDEERSGRPSEVDNDQLRAIIEADPLTTTREVAEELNVNHSTVVRHLKQIGKVKKLDKWVPHELTENQKNRRFEVSSSLILRNHNEPFLDRIVTCDEKWILYDNRRRSAQWLDQEEAPKHFPKPILHPKKVMVTIWWSAAGLIHYSFLNPGETITSEKYAQEIDEMNQKLQRLQLALVNRKGPILLHDNARPHVAQPTLQKLNELGYEVLPHPPYSPDLLPTNYHVFKHLNNFLQGKRFHNQQDAENAFQEFVESQSTDFYATGINQLISRWQKCVDCNGSYFD,QKNRRFEVSSSLILRNHNEPFLDRIVTCDEKWILYDNRRRSAQWLDQEEAPKHFPKPILHP,iPTMnet
Q5T2S8,552,Kme,PMID:24129315,human,MGVALRKLTQWTAAGHGTGILEITPLNEAILKEIIVFVESFIYKHPQEAKFVFVEPLEWNTSLAPSAFESGYVVSETTVKSEEVDKNGQPLLFLSVPQIKIRSFGQLSRLLLIAKTGKLKEAQACVEANRDPIVKILGSDYNTMKENSIALNILGKITRDDDPESEIKMKIAMLLKQLDLHLLNHSLKHISLEISLSPMTVKKDIELLKRFSGKGNQTVLESIEYTSDYEFSNGCRAPPWRQIRGEICYVLVKPHDGETLCITCSAGGVFLNGGKTDDEGDVNYERKGSIYKNLVTFLREKSPKFSENMSKLGISFSEDQQKEKDQLGKAPKKEEAAALRKDISGSDKRSLEKNQINFWRNQMTKRWEPSLNWKTTVNYKGKGSAKEIQEDKHTGKLEKPRPSVSHGRAQLLRKSAEKIEETVSDSSSESEEDEEPPDHRQEASADLPSEYWQIQKLVKYLKGGNQTATVIALCSMRDFSLAQETCQLAIRDVGGLEVLINLLETDEVKCKIGSLKILKEISHNPQIRQNIVDLGGLPIMVNILDSPHKSLKCLAAETIANVAKFKRARRVVRQHGGITKLVALLDCAHDSTKPAQSSLYEARDVEVARCGALALWSCSKSHTNKEAIRKAGGIPLLARLLKTSHENMLIPVVGTLQECASEENYRAAIKAERIIENLVKNLNSENEQLQEHCAMAIYQCAEDKETRDLVRLHGGLKPLASLLNNTDNKERLAAVTGAIWKCSISKENVTKFREYKAIETLVGLLTDQPEEVLVNVVGALGECCQERENRVIVRKCGGIQPLVNLLVGINQALLVNVTKAVGACAVEPESMMIIDRLDGVRLLWSLLKNPHPDVKASAAWALCPCIKNAKDAGEMVRSFVGGLELIVNLLKSDNKEVLASVCAAITNIAKDQENLAVITDHGVVPLLSKLANTNNNKLRHHLAEAISRCCMWGRNRVAFGEHKAVAPLVRYLKSNDTNVHRATAQALYQLSEDADNCITMHENGAVKLLLDMVGSPDQDLQEAAAGCISNIRRLALATEKARYT,SHNPQIRQNIVDLGGLPIMVNILDSPHKSLKCLAAETIANVAKFKRARRVVRQHGGITKLV,iPTMnet
Q5VTD9,8,Kme,PMID:22399799,human,MPRSFLVKSKKAHTYHQPRVQEDEPLWPPALTPVPRDQAPSNSPVLSTLFPNQCLDWTNLKREPELEQDQNLARMAPAPEGPIVLSRPQDGDSPLSDSPPFYKPSFSWDTLATTYGHSYRQAPSTMQSAFLEHSVSLYGSPLVPSTEPALDFSLRYSPGMDAYHCVKCNKVFSTPHGLEVHVRRSHSGTRPFACDICGKTFGHAVSLEQHTHVHSQERSFECRMCGKAFKRSSTLSTHLLIHSDTRPYPCQFCGKRFHQKSDMKKHTYIHTGEKPHKCQVCGKAFSQSSNLITHSRKHTGFKPFSCELCTKGFQRKVDLRRHRESQHNLK,_______________________MPRSFLVKSKKAHTYHQPRVQEDEPLWPPALTPVPRDQ,iPTMnet
Q6P2C8,134,Kme,PMID:24129315,human,MADVINVSVNLEAFSQAISAIQALRSSVSRVFDCLKDGMRNKETLEGREKAFIAHFQDNLHSVNRDLNELERLSNLVGKPSENHPLHNSGLLSLDPVQDKTPLYSQLLQAYKWSNKLQYHAGLASGLLNQQSLKRSANQMGVSAKRRPKAQPTTLVLPPQYVDDVISRIDRMFPEMSIHLSRPNGTSAMLLVTLGKVLKVIVVMRSLFIDRTIVKGYNENVYTEDGKLDIWSKSNYQVFQKVTDHATTALLHYQLPQMPDVVVRSFMTWLRSYIKLFQAPCQRCGKFLQDGLPPTWRDFRTLEAFHDTCRQ,YSQLLQAYKWSNKLQYHAGLASGLLNQQSLKRSANQMGVSAKRRPKAQPTTLVLPPQYVDD,iPTMnet
Q6P2Q9,1425,Kme,PMID:24129315,human,MAGVFPYRGPGNPVPGPLAPLPDYMSEEKLQEKARKWQQLQAKRYAEKRKFGFVDAQKEDMPPEHVRKIIRDHGDMTNRKFRHDKRVYLGALKYMPHAVLKLLENMPMPWEQIRDVPVLYHITGAISFVNEIPWVIEPVYISQWGSMWIMMRREKRDRRHFKRMRFPPFDDEEPPLDYADNILDVEPLEAIQLELDPEEDAPVLDWFYDHQPLRDSRKYVNGSTYQRWQFTLPMMSTLYRLANQLLTDLVDDNYFYLFDLKAFFTSKALNMAIPGGPKFEPLVRDINLQDEDWNEFNDINKIIIRQPIRTEYKIAFPYLYNNLPHHVHLTWYHTPNVVFIKTEDPDLPAFYFDPLINPISHRHSVKSQEPLPDDDEEFELPEFVEPFLKDTPLYTDNTANGIALLWAPRPFNLRSGRTRRALDIPLVKNWYREHCPAGQPVKVRVSYQKLLKYYVLNALKHRPPKAQKKRYLFRSFKATKFFQSTKLDWVEVGLQVCRQGYNMLNLLIHRKNLNYLHLDYNFNLKPVKTLTTKERKKSRFGNAFHLCREVLRLTKLVVDSHVQYRLGNVDAFQLADGLQYIFAHVGQLTGMYRYKYKLMRQIRMCKDLKHLIYYRFNTGPVGKGPGCGFWAAGWRVWLFFMRGITPLLERWLGNLLARQFEGRHSKGVAKTVTKQRVESHFDLELRAAVMHDILDMMPEGIKQNKARTILQHLSEAWRCWKANIPWKVPGLPTPIENMILRYVKAKADWWTNTAHYNRERIRRGATVDKTVCKKNLGRLTRLYLKAEQERQHNYLKDGPYITAEEAVAVYTTTVHWLESRRFSPIPFPPLSYKHDTKLLILALERLKEAYSVKSRLNQSQREELGLIEQAYDNPHEALSRIKRHLLTQRAFKEVGIEFMDLYSHLVPVYDVEPLEKITDAYLDQYLWYEADKRRLFPPWIKPADTEPPPLLVYKWCQGINNLQDVWETSEGECNVMLESRFEKMYEKIDLTLLNRLLRLIVDHNIADYMTAKNNVVINYKDMNHTNSYGIIRGLQFASFIVQYYGLVMDLLVLGLHRASEMAGPPQMPNDFLSFQDIATEAAHPIRLFCRYIDRIHIFFRFTADEARDLIQRYLTEHPDPNNENIVGYNNKKCWPRDARMRLMKHDVNLGRAVFWDIKNRLPRSVTTVQWENSFVSVYSKDNPNLLFNMCGFECRILPKCRTSYEEFTHKDGVWNLQNEVTKERTAQCFLRVDDESMQRFHNRVRQILMASGSTTFTKIVNKWNTALIGLMTYFREAVVNTQELLDLLVKCENKIQTRIKIGLNSKMPSRFPPVVFYTPKELGGLGMLSMGHVLIPQSDLRWSKQTDVGITHFRSGMSHEEDQLIPNLYRYIQPWESEFIDSQRVWAEYALKRQEAIAQNRRLTLEDLEDSWDRGIPRINTLFQKDRHTLAYDKGWRVRTDFKQYQVLKQNPFWWTHQRHDGKLWNLNNYRTDMIQALGGVEGILEHTLFKGTYFPTWEGLFWEKASGFEESMKWKKLTNAQRSGLNQIPNRRFTLWWSPTINRANVYVGFQVQLDLTGIFMHGKIPTLKISLIQIFRAHLWQKIHESIVMDLCQVFDQELDALEIETVQKETIHPRKSYKMNSSCADILLFASYKWNVSRPSLLADSKDVMDSTTTQKYWIDIQLRWGDYDSHDIERYARAKFLDYTTDNMSIYPSPTGVLIAIDLAYNLHSAYGNWFPGSKPLIQQAMAKIMKANPALYVLRERIRKGLQLYSSEPTEPYLSSQNYGELFSNQIIWFVDDTNVYRVTIHKTFEGNLTTKPINGAIFIFNPRTGQLFLKIIHTSVWAGQKRLGQLAKWKTAEEVAALIRSLPVEEQPKQIIVTRKGMLDPLEVHLLDFPNIVIKGSELQLPFQACLKVEKFGDLILKATEPQMVLFNLYDDWLKTISSYTAFSRLILILRALHVNNDRAKVILKPDKTTITEPHHIWPTLTDEEWIKVEVQLKDLILADYGKKNNVNVASLTQSEIRDIILGMEISAPSQQRQQIAEIEKQTKEQSQLTATQTRTVNKHGDEIITSTTSNYETQTFSSKTEWRVRAISAANLHLRTNHIYVSSDDIKETGYTYILPKNVLKKFICISDLRAQIAGYLYGVSPPDNPQVKEIRCIVMVPQWGTHQTVHLPGQLPQHEYLKEMEPLGWIHTQPNESPQLSPQDVTTHAKIMADNPSWDGEKTIIITCSFTPGSCTLTAYKLTPSGYEWGRQNTDKGNNPKGYLPSHYERVQMLLSDRFLGFFMVPAQSSWNYNFMGVRHDPNMKYELQLANPKEFYHEVHRPSHFLNFALLQEGEVYSADREDLYA,EAIAQNRRLTLEDLEDSWDRGIPRINTLFQKDRHTLAYDKGWRVRTDFKQYQVLKQNPFWW,iPTMnet
Q6RFH5,311,Kme,PMID:24129315,human,MAAAAARWNHVWVGTETGILKGVNLQRKQAANFTAGGQPRREEAVSALCWGTGGETQMLVGCADRTVKHFSTEDGIFQGQRHCPGGEGMFRGLAQADGTLITCVDSGILRVWHDKDKDTSSDPLLELRVGPGVCRMRQDPAHPHVVATGGKENALKIWDLQGSEEPVFRAKNVRNDWLDLRVPIWDQDIQFLPGSQKLVTCTGYHQVRVYDPASPQRRPVLETTYGEYPLTAMTLTPGGNSVIVGNTHGQLAEIDLRQGRLLGCLKGLAGSVRGLQCHPSKPLLASCGLDRVLRIHRIQNPRGLEHKVYLKSQLNCLLLSGRDNWEDEPQEPQEPNKVPLEDTETDELWASLEAAAKRKLSGLEQPQGALQTRRRKKKRPGSTSP,KPLLASCGLDRVLRIHRIQNPRGLEHKVYLKSQLNCLLLSGRDNWEDEPQEPQEPNKVPLE,iPTMnet
Q71DI3,10,Kme,PMID:11242053,human,MARTKQTARKSTGGKAPRKQLATKAARKSAPATGGVKKPHRYRPGTVALREIRRYQKSTELLIRKLPFQRLVREIAQDFKTDLRFQSSAVMALQEASEAYLVGLFEDTNLCAIHAKRVTIMPKDIQLARRIRGERA,_____________________MARTKQTARKSTGGKAPRKQLATKAARKSAPATGGVKKPH,iPTMnet
Q71DI3,10,Kme,PMID:16185088,human,MARTKQTARKSTGGKAPRKQLATKAARKSAPATGGVKKPHRYRPGTVALREIRRYQKSTELLIRKLPFQRLVREIAQDFKTDLRFQSSAVMALQEASEAYLVGLFEDTNLCAIHAKRVTIMPKDIQLARRIRGERA,_____________________MARTKQTARKSTGGKAPRKQLATKAARKSAPATGGVKKPH,iPTMnet
Q71DI3,10,Kme,PMID:16267050,human,MARTKQTARKSTGGKAPRKQLATKAARKSAPATGGVKKPHRYRPGTVALREIRRYQKSTELLIRKLPFQRLVREIAQDFKTDLRFQSSAVMALQEASEAYLVGLFEDTNLCAIHAKRVTIMPKDIQLARRIRGERA,_____________________MARTKQTARKSTGGKAPRKQLATKAARKSAPATGGVKKPH,iPTMnet
Q71DI3,10,Kme,PMID:17194708,human,MARTKQTARKSTGGKAPRKQLATKAARKSAPATGGVKKPHRYRPGTVALREIRRYQKSTELLIRKLPFQRLVREIAQDFKTDLRFQSSAVMALQEASEAYLVGLFEDTNLCAIHAKRVTIMPKDIQLARRIRGERA,_____________________MARTKQTARKSTGGKAPRKQLATKAARKSAPATGGVKKPH,iPTMnet
Q71DI3,123,Kme,PMID:16267050,human,MARTKQTARKSTGGKAPRKQLATKAARKSAPATGGVKKPHRYRPGTVALREIRRYQKSTELLIRKLPFQRLVREIAQDFKTDLRFQSSAVMALQEASEAYLVGLFEDTNLCAIHAKRVTIMPKDIQLARRIRGERA,LQEASEAYLVGLFEDTNLCAIHAKRVTIMPKDIQLARRIRGERA_________________,iPTMnet
Q71DI3,123,Kme,PMID:17194708,human,MARTKQTARKSTGGKAPRKQLATKAARKSAPATGGVKKPHRYRPGTVALREIRRYQKSTELLIRKLPFQRLVREIAQDFKTDLRFQSSAVMALQEASEAYLVGLFEDTNLCAIHAKRVTIMPKDIQLARRIRGERA,LQEASEAYLVGLFEDTNLCAIHAKRVTIMPKDIQLARRIRGERA_________________,iPTMnet
Q71DI3,19,Kme,PMID:16267050,human,MARTKQTARKSTGGKAPRKQLATKAARKSAPATGGVKKPHRYRPGTVALREIRRYQKSTELLIRKLPFQRLVREIAQDFKTDLRFQSSAVMALQEASEAYLVGLFEDTNLCAIHAKRVTIMPKDIQLARRIRGERA,____________MARTKQTARKSTGGKAPRKQLATKAARKSAPATGGVKKPHRYRPGTVAL,iPTMnet
Q71DI3,19,Kme,PMID:17194708,human,MARTKQTARKSTGGKAPRKQLATKAARKSAPATGGVKKPHRYRPGTVALREIRRYQKSTELLIRKLPFQRLVREIAQDFKTDLRFQSSAVMALQEASEAYLVGLFEDTNLCAIHAKRVTIMPKDIQLARRIRGERA,____________MARTKQTARKSTGGKAPRKQLATKAARKSAPATGGVKKPHRYRPGTVAL,iPTMnet
Q71DI3,24,Kme,PMID:17194708,human,MARTKQTARKSTGGKAPRKQLATKAARKSAPATGGVKKPHRYRPGTVALREIRRYQKSTELLIRKLPFQRLVREIAQDFKTDLRFQSSAVMALQEASEAYLVGLFEDTNLCAIHAKRVTIMPKDIQLARRIRGERA,_______MARTKQTARKSTGGKAPRKQLATKAARKSAPATGGVKKPHRYRPGTVALREIRR,iPTMnet
Q71DI3,28,Kme,PMID:16185088,human,MARTKQTARKSTGGKAPRKQLATKAARKSAPATGGVKKPHRYRPGTVALREIRRYQKSTELLIRKLPFQRLVREIAQDFKTDLRFQSSAVMALQEASEAYLVGLFEDTNLCAIHAKRVTIMPKDIQLARRIRGERA,___MARTKQTARKSTGGKAPRKQLATKAARKSAPATGGVKKPHRYRPGTVALREIRRYQKS,iPTMnet
Q71DI3,28,Kme,PMID:16267050,human,MARTKQTARKSTGGKAPRKQLATKAARKSAPATGGVKKPHRYRPGTVALREIRRYQKSTELLIRKLPFQRLVREIAQDFKTDLRFQSSAVMALQEASEAYLVGLFEDTNLCAIHAKRVTIMPKDIQLARRIRGERA,___MARTKQTARKSTGGKAPRKQLATKAARKSAPATGGVKKPHRYRPGTVALREIRRYQKS,iPTMnet
Q71DI3,28,Kme,PMID:16627869,human,MARTKQTARKSTGGKAPRKQLATKAARKSAPATGGVKKPHRYRPGTVALREIRRYQKSTELLIRKLPFQRLVREIAQDFKTDLRFQSSAVMALQEASEAYLVGLFEDTNLCAIHAKRVTIMPKDIQLARRIRGERA,___MARTKQTARKSTGGKAPRKQLATKAARKSAPATGGVKKPHRYRPGTVALREIRRYQKS,iPTMnet
Q71DI3,28,Kme,PMID:17194708,human,MARTKQTARKSTGGKAPRKQLATKAARKSAPATGGVKKPHRYRPGTVALREIRRYQKSTELLIRKLPFQRLVREIAQDFKTDLRFQSSAVMALQEASEAYLVGLFEDTNLCAIHAKRVTIMPKDIQLARRIRGERA,___MARTKQTARKSTGGKAPRKQLATKAARKSAPATGGVKKPHRYRPGTVALREIRRYQKS,iPTMnet
Q71DI3,37,Kme,PMID:16185088,human,MARTKQTARKSTGGKAPRKQLATKAARKSAPATGGVKKPHRYRPGTVALREIRRYQKSTELLIRKLPFQRLVREIAQDFKTDLRFQSSAVMALQEASEAYLVGLFEDTNLCAIHAKRVTIMPKDIQLARRIRGERA,TARKSTGGKAPRKQLATKAARKSAPATGGVKKPHRYRPGTVALREIRRYQKSTELLIRKLP,iPTMnet
Q71DI3,37,Kme,PMID:16267050,human,MARTKQTARKSTGGKAPRKQLATKAARKSAPATGGVKKPHRYRPGTVALREIRRYQKSTELLIRKLPFQRLVREIAQDFKTDLRFQSSAVMALQEASEAYLVGLFEDTNLCAIHAKRVTIMPKDIQLARRIRGERA,TARKSTGGKAPRKQLATKAARKSAPATGGVKKPHRYRPGTVALREIRRYQKSTELLIRKLP,iPTMnet
Q71DI3,37,Kme,PMID:16627869,human,MARTKQTARKSTGGKAPRKQLATKAARKSAPATGGVKKPHRYRPGTVALREIRRYQKSTELLIRKLPFQRLVREIAQDFKTDLRFQSSAVMALQEASEAYLVGLFEDTNLCAIHAKRVTIMPKDIQLARRIRGERA,TARKSTGGKAPRKQLATKAARKSAPATGGVKKPHRYRPGTVALREIRRYQKSTELLIRKLP,iPTMnet
Q71DI3,37,Kme,PMID:17194708,human,MARTKQTARKSTGGKAPRKQLATKAARKSAPATGGVKKPHRYRPGTVALREIRRYQKSTELLIRKLPFQRLVREIAQDFKTDLRFQSSAVMALQEASEAYLVGLFEDTNLCAIHAKRVTIMPKDIQLARRIRGERA,TARKSTGGKAPRKQLATKAARKSAPATGGVKKPHRYRPGTVALREIRRYQKSTELLIRKLP,iPTMnet
Q71DI3,5,Kme,PMID:16267050,human,MARTKQTARKSTGGKAPRKQLATKAARKSAPATGGVKKPHRYRPGTVALREIRRYQKSTELLIRKLPFQRLVREIAQDFKTDLRFQSSAVMALQEASEAYLVGLFEDTNLCAIHAKRVTIMPKDIQLARRIRGERA,__________________________MARTKQTARKSTGGKAPRKQLATKAARKSAPATGG,iPTMnet
Q71DI3,5,Kme,PMID:17194708,human,MARTKQTARKSTGGKAPRKQLATKAARKSAPATGGVKKPHRYRPGTVALREIRRYQKSTELLIRKLPFQRLVREIAQDFKTDLRFQSSAVMALQEASEAYLVGLFEDTNLCAIHAKRVTIMPKDIQLARRIRGERA,__________________________MARTKQTARKSTGGKAPRKQLATKAARKSAPATGG,iPTMnet
Q71DI3,57,Kme,PMID:22387026,human,MARTKQTARKSTGGKAPRKQLATKAARKSAPATGGVKKPHRYRPGTVALREIRRYQKSTELLIRKLPFQRLVREIAQDFKTDLRFQSSAVMALQEASEAYLVGLFEDTNLCAIHAKRVTIMPKDIQLARRIRGERA,RKSAPATGGVKKPHRYRPGTVALREIRRYQKSTELLIRKLPFQRLVREIAQDFKTDLRFQS,iPTMnet
Q71DI3,57,Kme,PMID:17194708,human,MARTKQTARKSTGGKAPRKQLATKAARKSAPATGGVKKPHRYRPGTVALREIRRYQKSTELLIRKLPFQRLVREIAQDFKTDLRFQSSAVMALQEASEAYLVGLFEDTNLCAIHAKRVTIMPKDIQLARRIRGERA,RKSAPATGGVKKPHRYRPGTVALREIRRYQKSTELLIRKLPFQRLVREIAQDFKTDLRFQS,iPTMnet
Q71DI3,65,Kme,PMID:16267050,human,MARTKQTARKSTGGKAPRKQLATKAARKSAPATGGVKKPHRYRPGTVALREIRRYQKSTELLIRKLPFQRLVREIAQDFKTDLRFQSSAVMALQEASEAYLVGLFEDTNLCAIHAKRVTIMPKDIQLARRIRGERA,GVKKPHRYRPGTVALREIRRYQKSTELLIRKLPFQRLVREIAQDFKTDLRFQSSAVMALQE,iPTMnet
Q71DI3,65,Kme,PMID:17194708,human,MARTKQTARKSTGGKAPRKQLATKAARKSAPATGGVKKPHRYRPGTVALREIRRYQKSTELLIRKLPFQRLVREIAQDFKTDLRFQSSAVMALQEASEAYLVGLFEDTNLCAIHAKRVTIMPKDIQLARRIRGERA,GVKKPHRYRPGTVALREIRRYQKSTELLIRKLPFQRLVREIAQDFKTDLRFQSSAVMALQE,iPTMnet
Q71DI3,80,Kme,PMID:15525939,human,MARTKQTARKSTGGKAPRKQLATKAARKSAPATGGVKKPHRYRPGTVALREIRRYQKSTELLIRKLPFQRLVREIAQDFKTDLRFQSSAVMALQEASEAYLVGLFEDTNLCAIHAKRVTIMPKDIQLARRIRGERA,REIRRYQKSTELLIRKLPFQRLVREIAQDFKTDLRFQSSAVMALQEASEAYLVGLFEDTNL,iPTMnet
Q71DI3,80,Kme,PMID:16267050,human,MARTKQTARKSTGGKAPRKQLATKAARKSAPATGGVKKPHRYRPGTVALREIRRYQKSTELLIRKLPFQRLVREIAQDFKTDLRFQSSAVMALQEASEAYLVGLFEDTNLCAIHAKRVTIMPKDIQLARRIRGERA,REIRRYQKSTELLIRKLPFQRLVREIAQDFKTDLRFQSSAVMALQEASEAYLVGLFEDTNL,iPTMnet
Q71DI3,80,Kme,PMID:16627869,human,MARTKQTARKSTGGKAPRKQLATKAARKSAPATGGVKKPHRYRPGTVALREIRRYQKSTELLIRKLPFQRLVREIAQDFKTDLRFQSSAVMALQEASEAYLVGLFEDTNLCAIHAKRVTIMPKDIQLARRIRGERA,REIRRYQKSTELLIRKLPFQRLVREIAQDFKTDLRFQSSAVMALQEASEAYLVGLFEDTNL,iPTMnet
Q71DI3,80,Kme,PMID:17194708,human,MARTKQTARKSTGGKAPRKQLATKAARKSAPATGGVKKPHRYRPGTVALREIRRYQKSTELLIRKLPFQRLVREIAQDFKTDLRFQSSAVMALQEASEAYLVGLFEDTNLCAIHAKRVTIMPKDIQLARRIRGERA,REIRRYQKSTELLIRKLPFQRLVREIAQDFKTDLRFQSSAVMALQEASEAYLVGLFEDTNL,iPTMnet
Q7Z699,224,Kme,PMID:24129315,human,MSEETATSDNDNSYARVRAVVMTRDDSSGGWLPLGGSGLSSVTVFKVPHQEENGCADFFIRGERLRDKMVVLECMLKKDLIYNKVTPTFHHWKIDDKKFGLTFQSPADARAFDRGIRRAIEDISQGCPESKNEAEGADDLQANEEDSSSSLVKDHLFQQETVVTSEPYRSSNIRPSPFEDLNARRVYMQSQANQITFGQPGLDIQSRSMEYVQRQISKECGSLKSQNRVPLKSIRHVSFQDEDEIVRINPRDILIRRYADYRHPDMWKNDLERDDADSSIQFSKPDSKKSDYLYSCGDETKLSSPKDSVVFKTQPSSLKIKKSKRRKEDGERSRCVYCQERFNHEENVRGKCQDAPDPIKRCIYQVSCMLCAESMLYHCMSDSEGDFSDPCSCDTSDDKFCLRWLALVALSFIVPCMCCYVPLRMCHRCGEACGCCGGKHKAAG,QITFGQPGLDIQSRSMEYVQRQISKECGSLKSQNRVPLKSIRHVSFQDEDEIVRINPRDIL,iPTMnet
Q86V81,235,Kme,PMID:24129315,human,MADKMDMSLDDIIKLNRSQRGGRGGGRGRGRAGSQGGRGGGAQAAARVNRGGGPIRNRPAIARGAAGGGGRNRPAPYSRPKQLPDKWQHDLFDSGFGGGAGVETGGKLLVSNLDFGVSDADIQELFAEFGTLKKAAVHYDRSGRSLGTADVHFERKADALKAMKQYNGVPLDGRPMNIQLVTSQIDAQRRPAQSVNRGGMTRNRGAGGFGGGGGTRRGTRGGARGRGRGAGRNSKQQLSAEELDAQLDAYNARMDTS,GAGGFGGGGGTRRGTRGGARGRGRGAGRNSKQQLSAEELDAQLDAYNARMDTS________,iPTMnet
Q8IWF6,510,Kme,PMID:24129315,human,MALRGPAGLGPGSRRPLDEAVAGAEGREAPALVAAGGAPEDDEEDDGRGRGLLRWDSFSAWLHCVCVVGFDLELGQAVEVIYPQHSKLTDREKTNICYLSFPDSNSGCLGDTQFCFRFRQSSGRRVSLHCLLDQFDKDLPVYLKKDPAYFYGYVYFRQVRDKTLKRGYFQKSLVLISKLPYIHFFHTVLKQIAPEYFEKNEPYLEAACNDVDRWPAPVPGKTLHLPIMGVVMKVRIPTCHDKPGTTQIVQLTQQVDTNISVILPTVHEVDIFRCFCPVFLHSQMLWELVLLGEPLVVMAPSPSESSETVLALVNCISPLKYFSDFRPYFTIHDSEFKEYTTRTQAPPSVILGVTNPFFAKTLQHWPHIIRIGDLKPTGEIPKQVKVKKLKNLKTLDSKPGVYTSYKPYLNRDEEIIKQLQKGVQQKRPSEAQSVILRRYFLELTQSFIIPLERYVASLMPLQKSISPWKSPPQLRQFLPEEFMKTLEKTGPQLTSRIKGDWIGLYRHFLKSPNFDGWFKTRRKEMTQKLEALHLEALCEEDLLLWIQKHTEVETVDLVLKLKNKLLQADREHLPVKPDTMEKLRTHIDAIILALPEDLQGILLKTGMT,EEFMKTLEKTGPQLTSRIKGDWIGLYRHFLKSPNFDGWFKTRRKEMTQKLEALHLEALCEE,iPTMnet
Q8N163,123,Kme,PMID:24129315,human,MSQFKRQRINPLPGGRNFSGTASTSLLGPPPGLLTPPVATELSQNARHLQGGEKQRVFTGIVTSLHDYFGVVDEEVFFQLSVVKGRLPQLGEKVLVKAAYNPGQAVPWNAVKVQTLSNQPLLKSPAPPLLHVAALGQKQGILGAQPQLIFQPHRIPPLFPQKPLSLFQTSHTLHLSHLNRFPARGPHGRLDQGRSDDYDSKKRKQRAGGEPWGAKKPRHDLPPYRVHLTPYTVDSPICDFLELQRRYRSLLVPSDFLSVHLSWLSAFPLSQPFSLHHPSRIQVSSEKEAAPDAGAEPITADSDPAYSSKVLLLSSPGLEELYRCCMLFVDDMAEPRETPEHPLKQIKFLLGRKEEEAVLVGGEWSPSLDGLDPQADPQVLVRTAIRCAQAQTGIDLSGCTKWWRFAEFQYLQPGPPRRLQTVVVYLPDVWTIMPTLEEWEALCQQKAAEAAPPTQEAQGETEPTEQAPDALEQAADTSRRNAETPEATTQQETDTDLPEAPPPPLEPAVIARPGCVNLSLHGIVEDRRPKERISFEVMVLAELFLEMLQRDFGYRVYKMLLSLPEKVVSPPEPEKEEAAKEEATKEEEAIKEEVVKEPKDEAQNEGPATESEAPLKEDGLLPKPLSSGGEEEEKPRGEASEDLCEMALDPELLLLRDDGEEEFAGAKLEDSEVRSVASNQSEMEFSSLQDMPKELDPSAVLPLDCLLAFVFFDANWCGYLHRRDLERILLTLGIRLSAEQAKQLVSRVVTQNICQYRSLQYSRQEGLDGGLPEEVLFGNLDLLPPPGKSTKPGAAPTEHKALVSHNGSLINVGSLLQRAEQQDSGRLYLENKIHTLELKLEESHNRFSATEVTNKTLAAEMQELRVRLAEAEETARTAERQKSQLQRLLQELRRRLTPLQLEIQRVVEKADSWVEKEEPAPSN,KVLVKAAYNPGQAVPWNAVKVQTLSNQPLLKSPAPPLLHVAALGQKQGILGAQPQLIFQPH,iPTMnet
Q8N257,109,Kme,PMID:16627869,human,MPDPSKSAPAPKKGSKKAVTKAQKKDGKKRKRGRKESYSIYVYKVLKQVHPDTGISSKAMGIMNSFVNDIFERIASEASRLAHYNKRSTITSREVQTAVRLLLPGELAKHAVSEGTKAVTKYTSSK,SRLAHYNKRSTITSREVQTAVRLLLPGELAKHAVSEGTKAVTKYTSSK_____________,iPTMnet
Q8N257,47,Kme,PMID:16627869,human,MPDPSKSAPAPKKGSKKAVTKAQKKDGKKRKRGRKESYSIYVYKVLKQVHPDTGISSKAMGIMNSFVNDIFERIASEASRLAHYNKRSTITSREVQTAVRLLLPGELAKHAVSEGTKAVTKYTSSK,KAVTKAQKKDGKKRKRGRKESYSIYVYKVLKQVHPDTGISSKAMGIMNSFVNDIFERIASE,iPTMnet
Q8N257,58,Kme,PMID:16627869,human,MPDPSKSAPAPKKGSKKAVTKAQKKDGKKRKRGRKESYSIYVYKVLKQVHPDTGISSKAMGIMNSFVNDIFERIASEASRLAHYNKRSTITSREVQTAVRLLLPGELAKHAVSEGTKAVTKYTSSK,KKRKRGRKESYSIYVYKVLKQVHPDTGISSKAMGIMNSFVNDIFERIASEASRLAHYNKRS,iPTMnet
Q8NHH9,270,Kme,PMID:24129315,human,MAEGDEAARGQQPHQGLWRRRRTSDPSAAVNHVSSTTSLGENYEDDDLVNSDEVMKKPCPVQIVLAHEDDHNFELDEEALEQILLQEHIRDLNIVVVSVAGAFRKGKSFLLDFMLRYMYNKDSQSWIGGNNEPLTGFTWRGGCERETTGIQVWNEVFVIDRPNGTKVAVLLMDTQGAFDSQSTIKDCATVFALSTMTSSVQVYNLSQNIQEDDLQHLQLFTEYGRLAMEEIYQKPFQTLMFLIRDWSYPYEHSYGLEGGKQFLEKRLQVKQNQHEELQNVRKHIHNCFSNLGCFLLPHPGLKVATNPSFDGRLKDIDEDFKRELRNLVPLLLAPENLVEKEISGSKVTCRDLVEYFKAYIKIYQGEELPHPKSMLQATAEANNLAAVAGARDTYCKSMEQVCGGDKPYIAPSDLERKHLDLKEVAIKQFRSVKKMGGDEFCRRYQDQLEAEIEETYANFIKHNDGKNIFYAARTPATLFAVMFAMYIISGLTGFIGLNSIAVLCNLVMGLALIFLCTWAYVKYSGEFREIGTVIDQIAETLWEQVLKPLGDNLMEENIRQSVTNSIKAGLTDQVSHHARLKTD,MFLIRDWSYPYEHSYGLEGGKQFLEKRLQVKQNQHEELQNVRKHIHNCFSNLGCFLLPHPG,iPTMnet
Q93079,109,Kme,PMID:16627869,human,MPDPAKSAPAPKKGSKKAVTKAQKKDGKKRKRSRKESYSVYVYKVLKQVHPDTGISSKAMGIMNSFVNDIFERIAGEASRLAHYNKRSTITSREIQTAVRLLLPGELAKHAVSEGTKAVTKYTSSK,SRLAHYNKRSTITSREIQTAVRLLLPGELAKHAVSEGTKAVTKYTSSK_____________,iPTMnet
Q93079,47,Kme,PMID:16627869,human,MPDPAKSAPAPKKGSKKAVTKAQKKDGKKRKRSRKESYSVYVYKVLKQVHPDTGISSKAMGIMNSFVNDIFERIAGEASRLAHYNKRSTITSREIQTAVRLLLPGELAKHAVSEGTKAVTKYTSSK,KAVTKAQKKDGKKRKRSRKESYSVYVYKVLKQVHPDTGISSKAMGIMNSFVNDIFERIAGE,iPTMnet
Q93079,58,Kme,PMID:16627869,human,MPDPAKSAPAPKKGSKKAVTKAQKKDGKKRKRSRKESYSVYVYKVLKQVHPDTGISSKAMGIMNSFVNDIFERIAGEASRLAHYNKRSTITSREIQTAVRLLLPGELAKHAVSEGTKAVTKYTSSK,KKRKRSRKESYSVYVYKVLKQVHPDTGISSKAMGIMNSFVNDIFERIAGEASRLAHYNKRS,iPTMnet
Q96JM2,2004,Kme,PMID:24129315,human,MEVLQCDGCDFRAPSYEDLKAHIQDVHTAFLQPTDVAEDNVNELRCGSVNASNQTEVEFSSIKDEFAIAEDLSGQNATSLGTGGYYGHSPGYYGQHIAANPKPTNKFFQCKFCVRYFRSKNLLIEHTRKVHGAQAEGSSSGPPVPGSLNYNIMMHEGFGKVFSCQFCTYKSPRRARIIKHQKMYHKNNLKETTAPPPAPAPMPDPVVPPVSLQDPCKELPAEVVERSILESMVKPLTKSRGNFCCEWCSYQTPRRERWCDHMMKKHRSMVKILSSLRQQQEGTNLPDVPNKSAPSPTSNSTYLTMNAASREIPNTTVSNFRGSMGNSIMRPNSSASKFSPMSYPQMKPKSPHNSGLVNLTERSRYGMTDMTNSSADLETNSMLNDSSSDEELNEIDSENGLSAMDHQTSGLSAEQLMGSDGNKLLETKGIPFRRFMNRFQCPFCPFLTMHRRSISRHIENIHLSGKTAVYKCDECPFTCKSSLKLGAHKQCHTGTTSDWDAVNSQSESISSSLNEGVVSYESSSINGRKSGVMLDPLQQQQPPQPPPPPPPPPPSQPQPLQQPQPPQLQPPHQVPPQPQTQPPPTQQPQPPTQAAPLHPYKCTMCNYSTTTLKGLRVHQQHKHSFCDNLPKFEGQPSSLPLENETDSHPSSSNTVKKSQTSILGLSSKNNFVAKASRKLANDFPLDLSPVKKRTRIDEIASNLQSKINQTKQQEDAVINVEDDEEEEEDNEVEIEVELDREEEPTEPIIEVPTSFSAQQIWVRDTSEPQKEPNFRNITHDYNATNGAEIELTLSEDEEDYYGSSTNLKDHQVSNTALLNTQTPIYGTEHNSENTDFGDSGRLYYCKHCDFNNKSARSVSTHYQRMHPYIKFSFRYILDPNDHSAVYRCLECYIDYTNFEDLQQHYGEHHPEAMNVLNFDHSDLIYRCRFCSYTSPNVRSLMPHYQRMHPTVKINNAMIFSSYVVEQQEGLNTESQTLREILNSAPKNMATSTPVARGGGLPATFNKNTPKTFTPECENQKDPLVNTVVVYDCDVCSFASPNMHSVLVHYQKKHPEEKASYFRIQKTMRMVSVDRGSALSQLSFEVGAPMSPKMSNMGSPPPPQPPPPDLSTELYYCKHCSYSNRSVVGVLVHYQKRHPEIKVTAKYIRQAPPTAAMMRGVEGPQGSPRPPAPIQQLNRSSSERDGPPVENEMFFCQHCDYGNRTVKGVLIHYQKKHRDFKANADVIRQHTATIRSLCDRNQKKPASCVLVSPSNLERDKTKLRALKCRQCSYTSPYFYALRKHIKKDHPALKATVTSIMRWAFLDGLIEAGYHCEWCIYSHTEPNGLLLHYQRRHPEHYVDYTYMATKLWAGPDPSPPSLTMPAEAKTYRCRDCVFEAVSIWDITNHYQAFHPWAMNGDESVLLDIIKEKDAVEKPILSSEELAGPVNCENSIPTPFPEQEAECPEDARLSPEKSLQLASANPAISSTPYQCTVCQSEYNNLHGLLTHYGKKHPGMKVKAADFAQDIDINPGAVYKCRHCPYINTRIHGVLTHYQKRHPSIKVTAEDFVHDVEQSADISQNDVEETSRIFKQGYGAYRCKLCPYTHGTLEKLKIHYEKYHNQPEFDVFSQSPPKLPVPLEPEMTTEVSPSQVSITEEEVGEEPVSTSHFSTSHLVSHTVFRCQLCKYFCSTRKGIARHYRIKHNNVRAQPEGKNNLFKCALCAYTNPIRKGLAAHYQKRHDIDAYYTHCLAASRTISDKPNKVIIPSPPKDDSPQLSEELRRAVEKKKCSLCSFQSFSKKGIVSHYMKRHPGVFPKKQHASKLGGYFTAVYADEHEKPTLMEEEERGNFEKAEVEGEAQEIEWLPFRCIKCFKLSFSTAELLCMHYTDHHSRDLKRDFIILGNGPRLQNSTYQCKHCDSKLQSTAELTSHLNIHNEEFQKRAKRQERRKQLLSKQKYADGAFADFKQERPFGHLEEVPKIKERKVVGYKCKFCVEVHPTLRAICNHLRKHVQYGNVPAVSAAVKGLRSHERSHLALAMFTREDKYSCQYCSFVSAFRHNLDRHMQTHHGHHKPFRCKLCSFKSSYNSRLKTHILKAHAGEHAYKCSWCSFSTMTISQLKEHSLKVHGKALTLPRPRIVSLLSSHSHHSSQKATPAEEVEDSNDSSYSEPPDVQQQLNHYQSAALARNNSRVSPVPLSGAAAGTEQKTEAVLHCEFCEFSSGYIQSIRRHYRDKHGGKKLFKCKDCSFYTGFKSAFTMHVEAGHSAVPEEGPKDLRCPLCLYHTKYKRNMIDHIVLHREERVVPIEVCRSKLSKYLQGVVFRCDKCTFTCSSDESLQQHIEKHNELKPYKCQLCYYETKHTEELDSHLRDEHKVSRNFELVGRVNLDQLEQMKEKMESSSSDDEDKEEEMNSKAEDRELMRFSDHGAALNTEKRFPCEFCGRAFSQGSEWERHVLRHGMALNDTKQVSREEIHPKEIMENSVKMPSIEEKEDDEAIGIDFSLKNETVAICVVTADKSLLENAEAKKE,VEVHPTLRAICNHLRKHVQYGNVPAVSAAVKGLRSHERSHLALAMFTREDKYSCQYCSFVS,iPTMnet
Q96KQ7,185,Kme,PMID:18438403,human,MAAAAGAAAAAAAEGEAPAEMGALLLEKETRGATERVHGSLGDTPRSEETLPKATPDSLEPAGPSSPASVTVTVGDEGADTPVGATPLIGDESENLEGDGDLRGGRILLGHATKSFPSSPSKGGSCPSRAKMSMTGAGKSPPSVQSLAMRLLSMPGAQGAAAAGSEPPPATTSPEGQPKVHRARKTMSKPGNGQPPVPEKRPPEIQHFRMSDDVHSLGKVTSDLAKRRKLNSGGGLSEELGSARRSGEVTLTKGDPGSLEEWETVVGDDFSLYYDSYSVDERVDSDSKSEVEALTEQLSEEEEEEEEEEEEEEEEEEEEEEEEDEESGNQSDRSGSSGRRKAKKKWRKDSPWVKPSRKRRKREPPRAKEPRGVNGVGSSGPSEYMEVPLGSLELPSEGTLSPNHAGVSNDTSSLETERGFEELPLCSCRMEAPKIDRISERAGHKCMATESVDGELSGCNAAILKRETMRPSSRVALMVLCETHRARMVKHHCCPGCGYFCTAGTFLECHPDFRVAHRFHKACVSQLNGMVFCPHCGEDASEAQEVTIPRGDGVTPPAGTAAPAPPPLSQDVPGRADTSQPSARMRGHGEPRRPPCDPLADTIDSSGPSLTLPNGGCLSAVGLPLGPGREALEKALVIQESERRKKLRFHPRQLYLSVKQGELQKVILMLLDNLDPNFQSDQQSKRTPLHAAAQKGSVEICHVLLQAGANINAVDKQQRTPLMEAVVNNHLEVARYMVQRGGCVYSKEEDGSTCLHHAAKIGNLEMVSLLLSTGQVDVNAQDSGGWTPIIWAAEHKHIEVIRMLLTRGADVTLTDNEENICLHWASFTGSAAIAEVLLNARCDLHAVNYHGDTPLHIAARESYHDCVLLFLSRGANPELRNKEGDTAWDLTPERSDVWFALQLNRKLRLGVGNRAIRTEKIICRDVARGYENVPIPCVNGVDGEPCPEDYKYISENCETSTMNIDRNITHLQHCTCVDDCSSSNCLCGQLSIRCWYDKDGRLLQEFNKIEPPLIFECNQACSCWRNCKNRVVQSGIKVRLQLYRTAKMGWGVRALQTIPQGTFICEYVGELISDAEADVREDDSYLFDLDNKDGEVYCIDARYYGNISRFINHLCDPNIIPVRVFMLHQDLRFPRIAFFSSRDIRTGEELGFDYGDRFWDIKSKYFTCQCGSEKCKHSAEAIALEQSRLARLDPHPELLPELGSLPPVNT,PGAQGAAAAGSEPPPATTSPEGQPKVHRARKTMSKPGNGQPPVPEKRPPEIQHFRMSDDVH,iPTMnet
Q96N67,381,Kme,PMID:24129315,human,MAERRAFAQKISRTVAAEVRKQISGQYSGSPQLLKNLNIVGNISHHTTVPLTEAVDPVDLEDYLITHPLAVDSGPLRDLIEFPPDDIEVVYSPRDCRTLVSAVPEESEMDPHVRDCIRSYTEDWAIVIRKYHKLGTGFNPNTLDKQKERQKGLPKQVFESDEAPDGNSYQDDQDDLKRRSMSIDDTPRGSWACSIFDLKNSLPDALLPNLLDRTPNEEIDRQNDDQRKSNRHKELFALHPSPDEEEPIERLSVPDIPKEHFGQRLLVKCLSLKFEIEIEPIFASLALYDVKEKKKISENFYFDLNSEQMKGLLRPHVPPAAITTLARSAIFSITYPSQDVFLVIKLEKVLQQGDIGECAEPYMIFKEADATKNKEKLEKLKSQADQFCQRLGKYRMPFAWTAIHLMNIVSSAGSLERDSTEVEISTGERKGSWSERRNSSIVGRRSLERTTSGDDACNLTSFRPATLTVTNFFKQEGDRLSDEDLYKFLADMRRPSSVLRRLRPITAQLKIDISPAPENPHYCLTPELLQVKLYPDSRVRPTREILEFPARDVYVPNTTYRNLLYIYPQSLNFANRQGSARNITVKVQFMYGEDPSNAMPVIFGKSSCSEFSKEAYTAVVYHNRSPDFHEEIKVKLPATLTDHHHLLFTFYHVSCQQKQNTPLETPVGYTWIPMLQNGRLKTGQFCLPVSLEKPPQAYSVLSPEVPLPGMKWVDNHKGVFNVEVVAVSSIHTQDPYLDKFFALVNALDEHLFPVRIGDMRIMENNLENELKSSISALNSSQLEPVVRFLHLLLDKLILLVIRPPVIAGQIVNLGQASFEAMASIINRLHKNLEGNHDQHGRNSLLASYIHYVFRLPNTYPNSSSPGPGGLGGSVHYATMARSAVRPASLNLNRSRSLSNSNPDISGTPTSPDDEVRSIIGSKGLDRSNSWVNTGGPKAAPWGSNPSPSAESTQAMDRSCNRMSSHTETSSFLQTLTGRLPTKKLFHEELALQWVVCSGSVRESALQQAWFFFELMVKSMVHHLYFNDKLEAPRKSRFPERFMDDIAALVSTIASDIVSRFQKDTEMVERLNTSLAFFLNDLLSVMDRGFVFSLIKSCYKQVSSKLYSLPNPSVLVSLRLDFLRIICSHEHYVTLNLPCSLLTPPASPSPSVSSATSQSSGFSTNVQDQKIANMFELSVPFRQQHYLAGLVLTELAVILDPDAEGLFGLHKKVINMVHNLLSSHDSDPRYSDPQIKARVAMLYLPLIGIIMETVPQLYDFTETHNQRGRPICIATDDYESESGSMISQTVAMAIAGTSVPQLTRPGSFLLTSTSGRQHTTFSAESSRSLLICLLWVLKNADETVLQKWFTDLSVLQLNRLLDLLYLCVSCFEYKGKKVFERMNSLTFKKSKDMRAKLEEAILGSIGARQEMVRRSRGQLGTYTIASPPERSPSGSAFGSQENLRWRKDMTHWRQNTEKLDKSRAEIEHEALIDGNLATEANLIILDTLEIVVQTVSVTESKESILGGVLKVLLHSMACNQSAVYLQHCFATQRALVSKFPELLFEEETEQCADLCLRLLRHCSSSIGTIRSHASASLYLLMRQNFEIGNNFARVKMQVTMSLSSLVGTSQNFNEEFLRRSLKTILTYAEEDLELRETTFPDQVQDLVFNLHMILSDTVKMKEHQEDPEMLIDLMYRIAKGYQTSPDLRLTWLQNMAGKHSERSNHAEAAQCLVHSAALVAEYLSMLEDRKYLPVGCVTFQNISSNVLEESAVSDDVVSPDEEGICSGKYFTESGLVGLLEQAAASFSMAGMYEAVNEVYKVLIPIHEANRDAKKLSTIHGKLQEAFSKIVHQSTGWERMFGTYFRVGFYGTKFGDLDEQEFVYKEPAITKLAEISHRLEGFYGERFGEDVVEVIKDSNPVDKCKLDPNKAYIQITYVEPYFDTYEMKDRITYFDKNYNLRRFMYCTPFTLDGRAHGELHEQFKRKTILTTSHAFPYIKTRVNVTHKEEIILTPIEVAIEDMQKKTQELAFATHQDPADPKMLQMVLQGSVGTTVNQGPLEVAQVFLSEIPSDPKLFRHHNKLRLCFKDFTKRCEDALRKNKSLIGPDQKEYQRELERNYHRLKEALQPLINRKIPQLYKAVLPVTCHRDSFSRMSLRKMDL,QQGDIGECAEPYMIFKEADATKNKEKLEKLKSQADQFCQRLGKYRMPFAWTAIHLMNIVSS,iPTMnet
Q96RI1,220,Kme,PMID:22345554,human,MVMQFQGLENPIQISPHCSCTPSGFFMEMMSMKPAKGVLTEQVAGPLGQNLEVEPYSQYSNVQFPQVQPQISSSSYYSNLGFYPQQPEEWYSPGIYELRRMPAETLYQGETEVAEMPVTKKPRMGASAGRIKGDELCVVCGDRASGYHYNALTCEGCKGFFRRSITKNAVYKCKNGGNCVMDMYMRRKCQECRLRKCKEMGMLAECMYTGLLTEIQCKSKRLRKNVKQHADQTVNEDSEGRDLRQVTSTTKSCREKTELTPDQQTLLHFIMDSYNKQRMPQEITNKILKEEFSAEENFLILTEMATNHVQVLVEFTKKLPGFQTLDHEDQIALLKGSAVEAMFLRSAEIFNKKLPSGHSDLLEERIRNSGISDEYITPMFSFYKSIGELKMTQEEYALLTAIVILSPDRQYIKDREAVEKLQEPLLDVLQKLCKIHQPENPQHFACLLGRLTELRTFNHHHAEMLMSWRVNDHKFTPLLCEIWDVQ,QECRLRKCKEMGMLAECMYTGLLTEIQCKSKRLRKNVKQHADQTVNEDSEGRDLRQVTSTT,iPTMnet
Q99877,109,Kme,PMID:16627869,human,MPEPSKSAPAPKKGSKKAVTKAQKKDGKKRKRSRKESYSVYVYKVLKQVHPDTGISSKAMGIMNSFVNDIFERIAGEASRLAHYNKRSTITSREIQTAVRLLLPGELAKHAVSEGTKAVTKYTSSK,SRLAHYNKRSTITSREIQTAVRLLLPGELAKHAVSEGTKAVTKYTSSK_____________,iPTMnet
Q99877,47,Kme,PMID:16627869,human,MPEPSKSAPAPKKGSKKAVTKAQKKDGKKRKRSRKESYSVYVYKVLKQVHPDTGISSKAMGIMNSFVNDIFERIAGEASRLAHYNKRSTITSREIQTAVRLLLPGELAKHAVSEGTKAVTKYTSSK,KAVTKAQKKDGKKRKRSRKESYSVYVYKVLKQVHPDTGISSKAMGIMNSFVNDIFERIAGE,iPTMnet
Q99877,58,Kme,PMID:16627869,human,MPEPSKSAPAPKKGSKKAVTKAQKKDGKKRKRSRKESYSVYVYKVLKQVHPDTGISSKAMGIMNSFVNDIFERIAGEASRLAHYNKRSTITSREIQTAVRLLLPGELAKHAVSEGTKAVTKYTSSK,KKRKRSRKESYSVYVYKVLKQVHPDTGISSKAMGIMNSFVNDIFERIAGEASRLAHYNKRS,iPTMnet
Q99880,109,Kme,PMID:16627869,human,MPELAKSAPAPKKGSKKAVTKAQKKDGKKRKRSRKESYSVYVYKVLKQVHPDTGISSKAMGIMNSFVNDIFERIASEASRLAHYNKRSTITSREIQTAVRLLLPGELAKHAVSEGTKAVTKYTSSK,SRLAHYNKRSTITSREIQTAVRLLLPGELAKHAVSEGTKAVTKYTSSK_____________,iPTMnet
Q99880,47,Kme,PMID:16627869,human,MPELAKSAPAPKKGSKKAVTKAQKKDGKKRKRSRKESYSVYVYKVLKQVHPDTGISSKAMGIMNSFVNDIFERIASEASRLAHYNKRSTITSREIQTAVRLLLPGELAKHAVSEGTKAVTKYTSSK,KAVTKAQKKDGKKRKRSRKESYSVYVYKVLKQVHPDTGISSKAMGIMNSFVNDIFERIASE,iPTMnet
Q99880,58,Kme,PMID:16627869,human,MPELAKSAPAPKKGSKKAVTKAQKKDGKKRKRSRKESYSVYVYKVLKQVHPDTGISSKAMGIMNSFVNDIFERIASEASRLAHYNKRSTITSREIQTAVRLLLPGELAKHAVSEGTKAVTKYTSSK,KKRKRSRKESYSVYVYKVLKQVHPDTGISSKAMGIMNSFVNDIFERIASEASRLAHYNKRS,iPTMnet
Q9BYX7,84,Kme,PMID:23673617,human,MDDDTAVLVIDNGSGMCKAGFAGDDAPQAVFPSIVGRPRHQGMMEGMHQKESYVGKEAQSKRGMLTLKYPMEHGIITNWDDMEKIWHHTFYNELRVAPEEHPILLTEAPLNPKANREKMTQIMFETFNTPAMYVAIQAVLSLYTSGRTTGIVMDSGDGFTHTVPIYEGNALPHATLRLDLAGRELTDYLMKILTERGYRFTTTAEQEIVRDIKEKLCYVALDSEQEMAMAASSSSVEKSYELPDGQVITIGNERFRCPEALFQPCFLGMESCGIHKTTFNSIVKSDVDIRKDLYTNTVLSGGTTMYPGIAHRMQKEITALAPSIMKIKIIAPPKRKYSVWVGGSILASLSTFQQMWISKQEYDESGPSIVHRKCF,VGKEAQSKRGMLTLKYPMEHGIITNWDDMEKIWHHTFYNELRVAPEEHPILLTEAPLNPKA,iPTMnet
Q9C0C2,1644,Kme,PMID:24129315,human,MKVSTLRESSAMASPLPREMEEELVPTGSEPGDTRAKPPVKPKPRALPAKPALPAKPSLLVPVGPRPPRGPLAELPSARKMNMLAGPQPYGGSKRPLPFAPRPAVEASTGGEATQETGKEEAGKEEPPPLTPPARCAAPGGVRKAPAPFRPASERFAATTVEEILAKMEQPRKEVLASPDRLWGSRLTFNHDGSSRYGPRTYGTTTAPRDEDGSTLFRGWSQEGPVKSPAECREEHSKTPEERSLPSDLAFNGDLAKAASSELPADISKPWIPSSPAPSSENGGPASPGLPAEASGSGPGSPHLHPPDKSSPCHSQLLEAQTPEASQASPCPAVTPSAPSAALPDEGSRHTPSPGLPAEGAPEAPRPSSPPPEVLEPHSLDQPPATSPRPLIEVGELLDLTRTFPSGGEEEAKGDAHLRPTSLVQRRFSEGVLQSPSQDQEKLGGSLAALPQGQGSQLALDRPFGAESNWSLSQSFEWTFPTRPSGLGVWRLDSPPPSPITEASEAAEAAEAGNLAVSSREEGVSQQGQGAGSAPSGSGSSWVQGDDPSMSLTQKGDGESQPQFPAVPLEPLPTTEGTPGLPLQQAEERYESQEPLAGQESPLPLATREAALPILEPVLGQEQPAAPDQPCVLFADAPEPGQALPVEEEAVTLARAETTQARTEAQDLCRASPEPPGPESSSRWLDDLLASPPPSGGGARRGAGAELKDTQSPSTCSEGLLGWSQKDLQSEFGITGDPQPSSFSPSSWCQGASQDYGLGGASPRGDPGLGERDWTSKYGQGAGEGSTREWASRCGIGQEEMEASSSQDQSKVSAPGVLTAQDRVVGKPAQLGTQRSQEADVQDWEFRKRDSQGTYSSRDAELQDQEFGKRDSLGTYSSRDVSLGDWEFGKRDSLGAYASQDANEQGQDLGKRDHHGRYSSQDADEQDWEFQKRDVSLGTYGSRAAEPQEQEFGKSAWIRDYSSGGSSRTLDAQDRSFGTRPLSSGFSPEEAQQQDEEFEKKIPSVEDSLGEGSRDAGRPGERGSGGLFSPSTAHVPDGALGQRDQSSWQNSDASQEVGGHQERQQAGAQGPGSADLEDGEMGKRGWVGEFSLSVGPQREAAFSPGQQDWSRDFCIEASERSYQFGIIGNDRVSGAGFSPSSKMEGGHFVPPGKTTAGSVDWTDQLGLRNLEVSSCVGSGGSSEARESAVGQMGWSGGLSLRDMNLTGCLESGGSEEPGGIGVGEKDWTSDVNVKSKDLAEVGEGGGHSQARESGVGQTDWSGVEAGEFLKSRERGVGQADWTPDLGLRNMAPGAVCSPGESKELGVGQMDWGNNLGLRDLEVTCDPDSGGSQGLRGCGVGQMDWTQDLAPQNVELFGAPSEAREHGVGGVSQCPEPGLRHNGSLSPGLEARDPLEARELGVGETSGPETQGEDYSSSSLEPHPADPGMETGEALSFGASPGRCPARPPPSGSQGLLEEMLAASSSKAVARRESAASGLGGLLEEEGAGAGAAQEEVLEPGRDSPPSWRPQPDGEASQTEDVDGTWGSSAARWSDQGPAQTSRRPSQGPPARSPSQDFSFIEDTEILDSAMYRSRANLGRKRGHRAPVIRPGGTLGLSEAADSDAHLFQDSTEPRASRVPSSDEEVVEEPQSRRTRMSLGTKGLKVNLFPGLSPSALKAKLRPRNRSAEEGELAESKSSQKESAVQRSKSCKVPGLGKPLTLPPKPEKSSGSEGSSPNWLQALKLKKKKV,RASRVPSSDEEVVEEPQSRRTRMSLGTKGLKVNLFPGLSPSALKAKLRPRNRSAEEGELAE,iPTMnet
Q9H3Q1,5,Kme,PMID:24129315,human,MPILKQLVSSSVHSKRRSRADLTAEMISAPLGDFRHTMHVGRAGDAFGDTSFLNSKAGEPDGESLDEQPSSSSSKRSLLSRKFRGSKRSQSVTRGEREQRDMLGSLRDSALFVKNAMSLPQLNEKEAAEKGTSKLPKSLSSSPVKKANDGEGGDEEAGTEEAVPRRNGAAGPHSPDPLLDEQAFGDLTDLPVVPKATYGLKHAESIMSFHIDLGPSMLGDVLSIMDKEEWDPEEGEGGYHGDEGAAGTITQAPPYAVAAPPLARQEGKAGPDLPSLPSHALEDEGWAAAAPSPGSARSMGSHTTRDSSSLSSCTSGILEERSPAFRGPDRARAAVSRQPDKEFSFMDEEEEDEIRV,__________________________MPILKQLVSSSVHSKRRSRADLTAEMISAPLGDFR,iPTMnet
Q9H8H0,346,Kme,PMID:24129315,human,MAALEEEFTLSSVVLSAGPEGLLGVEQSDKTDQFLVTDSGRTVILYKVSDQKPLGSWSVKQGQIITCPAVCNFQTGEYVVVHDNKVLRIWNNEDVNLDKVFKATLSAEVYRILSVQGTEPLVLFKEGAVRGLEALLADPQQKIETVISDEEVIKWTKFFVVFRHPVLIFITEKHGNYFAYVQMFNSRILTKYTLLLGQDENSVIKSFTASVDRKFISLMSLSSDGCIYETLIPIRPADPEKNQSLVKSLLLKAVVSGNARNGVALTALDQDHVAVLGSPLAASKECLSVWNIKFQTLQTSKELPQGTSGQLWYYGEHLFMLHGKSLTVIPYKCEVSSLAGALGKLKHSQDPGTHVVSHFVNWETPQGCGLGFQNSEQSRRILRRRKIEVSLQPEVPPSKQLLSTIMKDSEKHIEVEVRKFLALKQTPDFHTVIGDTVTGLLERCKAEPSFYPRNCLMQLIQTHVLSYSLCPDLMEIALKKKDVQLLQLCLQQFPDIPESVTCACLKIFLSIGDDSLQETDVNMESVFDYSINSVHDEKMEEQTEILQNGFNPEEDKCNNCDQELNKKPQDETKESTSCPVVQKRAALLNAILHSAYSETFLLPHLKDIPAQHITLFLKYLYFLYLKCSENATMTLPGIHPPTLNQIMDWICLLLDANFTVVVMMPEAKRLLINLYKLVKSQISVYSELNKIEVSFRELQKLNQEKNNRGLYSIEVLELF,EHLFMLHGKSLTVIPYKCEVSSLAGALGKLKHSQDPGTHVVSHFVNWETPQGCGLGFQNSE,iPTMnet
Q9H9T3,229,Kme,PMID:24129315,human,MRQKRKGDLSPAELMMLTIGDVIKQLIEAHEQGKDIDLNKVKTKTAAKYGLSAQPRLVDIIAAVPPQYRKVLMPKLKAKPIRTASGIAVVAVMCKPHRCPHISFTGNICVYCPGGPDSDFEYSTQSYTGYEPTSMRAIRARYDPFLQTRHRIEQLKQLGHSVDKVEFIVMGGTFMALPEEYRDYFIRNLHDALSGHTSNNIYEAVKYSERSLTKCIGITIETRPDYCMKRHLSDMLTYGCTRLEIGVQSVYEDVARDTNRGHTVKAVCESFHLAKDSGFKVVAHMMPDLPNVGLERDIEQFTEFFENPAFRPDGLKLYPTLVIRGTGLYELWKSGRYKSYSPSDLVELVARILALVPPWTRVYRVQRDIPMPLVSSGVEHGNLRELALARMKDLGIQCRDVRTREVGIQEIHHKVRPYQVELVRRDYVANGGWETFLSYEDPDQDILIGLLRLRKCSEETFRFELGGGVSIVRELHVYGSVVPVSSRDPTKFQHQGFGMLLMEEAERIAREEHGSGKIAVISGVGTRNYYRKIGYRLQGPYMVKMLK,NNIYEAVKYSERSLTKCIGITIETRPDYCMKRHLSDMLTYGCTRLEIGVQSVYEDVARDTN,iPTMnet
Q9NQS1,230,Kme,PMID:24129315,human,MQAERGARGGRGRRPGRGRPGGDRHSERPGAAAAVARGGGGGGGGDGGGRRGRGRGRGFRGARGGRGGGGAPRGSRREPGGWGAGASAPVEDDSDAETYGEENDEQGNYSKRKIVSNWDRYQDIEKEVNNESGESQRGTDFSVLLSSAGDSFSQFRFAEEKEWDSEASCPKQNSAFYVDSELLVRALQELPLCLRLNVAAELVQGTVPLEVPQVKPKRTDDGKGLGMQLKGPLGPGGRGPIFELKSVAAGCPVLLGKDNPSPGPSRDSQKPTSPLQSAGDHLEEELDLLLNLDAPIKEGDNILPDQTSQDLKSKEDGEVVQEEEVCAKPSVTEEKNMEPEQPSTSKNVTEEELEDWLDSMIS,AELVQGTVPLEVPQVKPKRTDDGKGLGMQLKGPLGPGGRGPIFELKSVAAGCPVLLGKDNP,iPTMnet
Q9NVM6,264,Kme,PMID:24129315,human,MAVTKELLQMDLYALLGIEEKAADKEVKKAYRQKALSCHPDKNPDNPRAAELFHQLSQALEVLTDAAARAAYDKVRKAKKQAAERTQKLDEKRKKVKLDLEARERQAQAQESEEEEESRSTRTLEQEIERLREEGSRQLEEQQRLIREQIRQERDQRLRGKAENTEGQGTPKLKLKWKCKKEDESKGGYSKDVLLRLLQKYGEVLNLVLSSKKPGTAVVEFATVKAAELAVQNEVGLVDNPLKISWLEGQPQDAVGRSHSGLSKGSVLSERDYESLVMMRMRQAAERQQLIARMQQEDQEGPPT,EVGLVDNPLKISWLEGQPQDAVGRSHSGLSKGSVLSERDYESLVMMRMRQAAERQQLIARM,iPTMnet
Q9UEE9,219,Kme,PMID:24129315,human,MEEFDSEDFSTSEEDEDYVPSGGEYSEDDVNELVKEDEVDGEEQTQKTQGKKRKAQSIPARKRRQGGLSLEEEEEEDANSESEGSSSEEEDDAAEQEKGIGSEDARKKKEDELWASFLNDVGPKSKVPPSTQVKKGEETEETSSSKLLVKAEELEKPKETEKVKITKVFDFAGEEVRVTKEVDATSKEAKSFFKQNEKEKPQANVPSALPSLPAGSGLKRSSGMSSLLGKIGAKKQKMSTLEKSKLDWESFKEEEGIGEELAIHNRGKEGYIERKAFLDRVDHRQFEIERDLRLSKMKP,AKSFFKQNEKEKPQANVPSALPSLPAGSGLKRSSGMSSLLGKIGAKKQKMSTLEKSKLDWE,iPTMnet
Q9UJS0,453,Kme,PMID:24129315,human,MAAAKVALTKRADPAELRTIFLKYASIEKNGEFFMSPNDFVTRYLNIFGESQPNPKTVELLSGVVDQTKDGLISFQEFVAFESVLCAPDALFMVAFQLFDKAGKGEVTFEDVKQVFGQTTIHQHIPFNWDSEFVQLHFGKERKRHLTYAEFTQFLLEIQLEHAKQAFVQRDNARTGRVTAIDFRDIMVTIRPHVLTPFVEECLVAAAGGTTSHQVSFSYFNGFNSLLNNMELIRKIYSTLAGTRKDVEVTKEEFVLAAQKFGQVTPMEVDILFQLADLYEPRGRMTLADIERIAPLEEGTLPFNLAEAQRQKASGDSARPVLLQVAESAYRFGLGSVAGAVGATAVYPIDLVKTRMQNQRSTGSFVGELMYKNSFDCFKKVLRYEGFFGLYRGLLPQLLGVAPEKAIKLTVNDFVRDKFMHKDGSVPLAAEILAGGCAGGSQVIFTNPLEIVKIRLQVAGEITTGPRVSALSVVRDLGFFGIYKGAKACFLRDIPFSAIYFPCYAHVKASFANEDGQVSPGSLLLAGAIAGMPAASLVTPADVIKTRLQVAARAGQTTYSGVIDCFRKILREEGPKALWKGAGARVFRSSPQFGVTLLTYELLQRWFYIDFGGVKPMGSEPVPKSRINLPAPNPDHVGGYKLAVATFAGIENKFGLYLPLFKPSVSTSKAIGGGP,DGSVPLAAEILAGGCAGGSQVIFTNPLEIVKIRLQVAGEITTGPRVSALSVVRDLGFFGIY,iPTMnet
Q9UKV3,654,Kme,PMID:18438403,human,MWRRKHPRTSGGTRGVLSGNRGVEYGSGRGHLGTFEGRWRKLPKMPEAVGTDPSTSRKMAELEEVTLDGKPLQALRVTDLKAALEQRGLAKSGQKSALVKRLKGALMLENLQKHSTPHAAFQPNSQIGEEMSQNSFIKQYLEKQQELLRQRLEREAREAAELEEASAESEDEMIHPEGVASLLPPDFQSSLERPELELSRHSPRKSSSISEEKGDSDDEKPRKGERRSSRVRQARAAKLSEGSQPAEEEEDQETPSRNLRVRADRNLKTEEEEEEEEEEEEDDEEEEGDDEGQKSREAPILKEFKEEGEEIPRVKPEEMMDERPKTRSQEQEVLERGGRFTRSQEEARKSHLARQQQEKEMKTTSPLEEEEREIKSSQGLKEKSKSPSPPRLTEDRKKASLVALPEQTASEEETPPPLLTKEASSPPPHPQLHSEEEIEPMEGPAPAVLIQLSPPNTDADTRELLVSQHTVQLVGGLSPLSSPSDTKAESPAEKVPEESVLPLVQKSTLADYSAQKDLEPESDRSAQPLPLKIEELALAKGITEECLKQPSLEQKEGRRASHTLLPSHRLKQSADSSSSRSSSSSSSSSRSRSRSPDSSGSRSHSPLRSKQRDVAQARTHANPRGRPKMGSRSTSESRSRSRSRSRSASSNSRKSLSPGVSRDSSTSYTETKDPSSGQEVATPPVPQLQVCEPKERTSTSSSSVQARRLSQPESAEKHVTQRLQPERGSPKKCEAEEAEPPAATQPQTSETQTSHLPESERIHHTVEEKEEVTMDTSENRPENDVPEPPMPIADQVSNDDRPEGSVEDEEKKESSLPKSFKRKISVVSATKGVPAGNSDTEGGQPGRKRRWGASTATTQKKPSISITTESLKSLIPDIKPLAGQEAVVDLHADDSRISEDETERNGDDGTHDKGLKICRTVTQVVPAEGQENGQREEEEEEKEPEAEPPVPPQVSVEVALPPPAEHEVKKVTLGDTLTRRSISQQKSGVSITIDDPVRTAQVPSPPRGKISNIVHISNLVRPFTLGQLKELLGRTGTLVEEAFWIDKIKSHCFVTYSTVEEAVATRTALHGVKWPQSNPKFLCADYAEQDELDYHRGLLVDRPSETKTEEQGIPRPLHPPPPPPVQPPQHPRAEQREQERAVREQWAEREREMERRERTRSEREWDRDKVREGPRSRSRSRDRRRKERAKSKEKKSEKKEKAQEEPPAKLLDDLFRKTKAAPCIYWLPLTDSQIVQKEAERAERAKEREKRRKEQEEEEQKEREKEAERERNRQLEREKRREHSRERDRERERERERDRGDRDRDRERDRERGRERDRRDTKRHSRSRSRSTPVRDRGGRR,RGRPKMGSRSTSESRSRSRSRSRSASSNSRKSLSPGVSRDSSTSYTETKDPSSGQEVATPP,iPTMnet
Q9Y232,135,Kme,PMID:18438403,human,MTFQASHRSAWGKSRKKNWQYEGPTQKLFLKRNNVSAPDGPSDPSISVSSEQSGAQQPPALQVERIVDKRKNKKGKTEYLVRWKGYDSEDDTWEPEQHLVNCEEYIHDFNRRHTEKQKESTLTRTNRTSPNNARKQISRSTNSNFSKTSPKALVIGKDHESKNSQLFAASQKFRKNTAPSLSSRKNMDLAKSGIKILVPKSPVKSRTAVDGFQSESPEKLDPVEQGQEDTVAPEVAAEKPVGALLGPGAERARMGSRPRIHPLVPQVPGPVTAAMATGLAVNGKGTSPFMDALTANGTTNIQTSVTGVTASKRKFIDDRRDQPFDKRLRFSVRQTESAYRYRDIVVRKQDGFTHILLSTKSSENNSLNPEVMREVQSALSTAAADDSKLVLLSAVGSVFCCGLDFIYFIRRLTDDRKRESTKMAEAIRNFVNTFIQFKKPIIVAVNGPAIGLGASILPLCDVVWANEKAWFQTPYTTFGQSPDGCSTVMFPKIMGGASANEMLLSGRKLTAQEACGKGLVSQVFWPGTFTQEVMVRIKELASCNPVVLEESKALVRCNMKMELEQANERECEVLKKIWGSAQGMDSMLKYLQRKIDEF,YIHDFNRRHTEKQKESTLTRTNRTSPNNARKQISRSTNSNFSKTSPKALVIGKDHESKNSQ,iPTMnet
Q9Y2W1,252,Kme,PMID:24129315,human,MSKTNKSKSGSRSSRSRSASRSRSRSFSKSRSRSRSLSRSRKRRLSSRSRSRSYSPAHNRERNHPRVYQNRDFRGHNRGYRRPYYFRGRNRGFYPWGQYNRGGYGNYRSNWQNYRQAYSPRRGRSRSRSPKRRSPSPRSRSHSRNSDKSSSDRSRRSSSSRSSSNHSRVESSKRKSAKEKKSSSKDSRPSQAAGDNQGDEAKEQTFSGGTSQDTKASESSKPWPDATYGTGSASRASAVSELSPRERSPALKSPLQSVVVRRRSPRPSPVPKPSPPLSSTSQMGSTLPSGAGYQSGTHQGQFDHGSGSLSPSKKSPVGKSPPSTGSTYGSSQKEESAASGGAAYTKRYLEEQKTENGKDKEQKQTNTDKEKIKEKGSFSDTGLGDGKMKSDSFAPKTDSEKPFRGSQSPKRYKLRDDFEKKMADFHKEEMDDQDKDKAKGRKESEFDDEPKFMSKVIGANKNQEEEKSGKWEGLVYAPPGKEKQRKTEELEEESFPERSKKEDRGKRSEGGHRGFVPEKNFRVTAYKAVQEKSSSPPPRKTSESRDKLGAKGDFPTGKSSFSITREAQVNVRMDSFDEDLARPSGLLAQERKLCRDLVHSNKKEQEFRSIFQHIQSAQSQRSPSELFAQHIVTIVHHVKEHHFGSSGMTLHERFTKYLKRGTEQEAAKNKKSPEIHRRIDISPSTFRKHGLAHDEMKSPREPGYKAEGKYKDDPVDLRLDIERRKKHKERDLKRGKSRESVDSRDSSHSRERSAEKTEKTHKGSKKQKKHRRARDRSRSSSSSSQSSHSYKAEEYTEETEEREESTTGFDKSRLGTKDFVGPSERGGGRARGTFQFRARGRGWGRGNYSGNNNNNSNNDFQKRNREEEWDPEYTPKSKKYYLHDDREGEGSDKWVSRGRGRGAFPRGRGRFMFRKSSTSPKWAHDKFSGEEGEIEDDESGTENREEKDNIQPTTE,PWPDATYGTGSASRASAVSELSPRERSPALKSPLQSVVVRRRSPRPSPVPKPSPPLSSTSQ,iPTMnet
Q9Y2Z2,533,Kme,PMID:24129315,human,MFYFRGCGRWVAVSFTKQQFPLARLSSDSAAPRTPHFDVIVIGGGHAGTEAATAAARCGSRTLLLTHRVDTIGQMSCNPSFGGIGKGHLMREVDALDGLCSRICDQSGVHYKVLNRRKGPAVWGLRAQIDRKLYKQNMQKEILNTPLLTVQEGAVEDLILTEPEPEHTGKCRVSGVVLVDGSTVYAESVILTTGTFLRGMIVIGLETHPAGRLGDQPSIGLAQTLEKLGFVVGRLKTGTPPRIAKESINFSILNKHIPDNPSIPFSFTNETVWIKPEDQLPCYLTHTNPRVDEIVLKNLHLNSHVKETTRGPRYCPSIESKVLRFPNRLHQVWLEPEGMDSDLIYPQGLSMTLPAELQEKMITCIRGLEKAKVIQPDGVLLLLPRMECNGAISAHHNLPLPGYGVQYDYLDPRQITPSLETHLVQRLFFAGQINGTTGYEEAAAQGVIAGINASLRVSRKPPFVVSRTEGYIGVLIDDLTTLGTSEPYRMFTSRVEFRLSLRPDNADSRLTLRGYKDAGCVSQQRYERACWMKSSLEEGISVLKSIEFLSSKWKKLIPEASISTSRSLPVRALDVLKYEEVDMDSLAKAVPEPLKKYTKCRELAERLKIEATYESVLFHQLQEIKGVQQDEALQLPKDLDYLTIRDVSLSHEVREKLHFSRPQTIGAASRIPGVTPAAIINLLRFVKTTQRRQSAMNESSKTDQYLCDADRLQEREL,PDNADSRLTLRGYKDAGCVSQQRYERACWMKSSLEEGISVLKSIEFLSSKWKKLIPEASIS,iPTMnet
Q9Y4X4,313,Kme,PMID:18438403,human,MNIHMKRKTIKNINTFENRMLMLDGMPAVRVKTELLESEQGSPNVHNYPDMEAVPLLLNNVKGEPPEDSLSVDHFQTQTEPVDLSINKARTSPTAVSSSPVSMTASASSPSSTSTSSSSSSRLASSPTVITSVSSASSSSTVLTPGPLVASASGVGGQQFLHIIHPVPPSSPMNLQSNKLSHVHRIPVVVQSVPVVYTAVRSPGNVNNTIVVPLLEDGRGHGKAQMDPRGLSPRQSKSDSDDDDLPNVTLDSVNETGSTALSIARAVQEVHPSPVSRVRGNRMNNQKFPCSISPFSIESTRRQRRSESPDSRKRRIHRCDFEGCNKVYTKSSHLKAHRRTHTGEKPYKCTWEGCTWKFARSDELTRHYRKHTGVKPFKCADCDRSFSRSDHLALHRRRHMLV,MNNQKFPCSISPFSIESTRRQRRSESPDSRKRRIHRCDFEGCNKVYTKSSHLKAHRRTHTG,iPTMnet
Q9Y512,255,Kme,PMID:24129315,human,MGTVHARSLEPLPSSGPDFGGLGEEAEFVEVEPEAKQEILENKDVVVQHVHFDGLGRTKDDIIICEIGDVFKAKNLIEVMRKSHEAREKLLRLGIFRQVDVLIDTCQGDDALPNGLDVTFEVTELRRLTGSYNTMVGNNEGSMVLGLKLPNLLGRAEKVTFQFSYGTKETSYGLSFFKPRPGNFERNFSVNLYKVTGQFPWSSLRETDRGMSAEYSFPIWKTSHTVKWEGVWRELGCLSRTASFAVRKESGHSLKSSLSHAMVIDSRNSSILPRRGALLKVNQELAGYTGGDVSFIKEDFELQLNKQLIFDSVFSASFWGGMLVPIGDKPSSIADRFYLGGPTSIRGFSMHSIGPQSEGDYLGGEAYWAGGLHLYTPLPFRPGQGGFGELFRTHFFLNAGNLCNLNYGEGPKAHIRKLAECIRWSYGAGIVLRLGNIARLELNYCVPMGVQTGDRICDGVQFGAGIRFL,TVKWEGVWRELGCLSRTASFAVRKESGHSLKSSLSHAMVIDSRNSSILPRRGALLKVNQEL,iPTMnet
